,stride,alpha ER,normalize?,reduce?,dlambda,n_steps,av. acceptance,jobid,if_onebyone,time,which_measure,seed,n_obs
2025_05_15_17_52_31_914826,1000.0,0.5,1.0,0.0,0.2,1000.0,0.801,,0.0,,0.0,,8
2025_05_15_17_52_36_670959,1000.0,0.5,1.0,0.0,0.2,1000.0,0.491,,0.0,,1.0,,8
2025_05_15_18_40_13_500364,1000.0,0.5,1.0,0.0,0.2,100000.0,0.65162,,0.0,,1.0,,8
2025_05_15_18_41_14_071270,100.0,0.5,1.0,0.0,0.2,100000.0,0.95413,,0.0,,0.0,,8
2025_05_15_18_43_28_270804,1000.0,0.5,1.0,0.0,0.2,100000.0,0.96391,,0.0,,0.0,,8
2025_05_15_18_43_51_327121,100.0,0.5,1.0,0.0,0.2,100000.0,0.72749,,0.0,,1.0,,8
2025_05_15_18_56_54_397682,10.0,0.5,1.0,0.0,0.2,100000.0,0.94254,,0.0,,0.0,,8
2025_05_15_20_06_29_437759,10.0,0.5,1.0,0.0,0.2,100000.0,0.7574,,0.0,,1.0,,8
2025_05_16_19_41_26_084836,1000.0,0.5,1.0,1.0,0.2,1000000.0,0.985203,,0.0,,0.0,,2
2025_05_16_19_43_41_404477,1000.0,0.5,1.0,1.0,0.2,1000000.0,0.8883,,0.0,,1.0,,2
2025_05_16_20_10_53_613148,100.0,0.5,1.0,1.0,0.2,1000000.0,0.963186,,0.0,,0.0,,2
2025_05_16_20_32_51_324995,100.0,0.5,1.0,1.0,0.2,1000000.0,0.943579,,0.0,,1.0,,2
2025_05_16_22_56_57_222520,10.0,0.5,1.0,1.0,0.2,1000000.0,0.96397,,0.0,,0.0,,2
2025_05_17_01_59_56_237682,10.0,0.5,1.0,1.0,0.2,1000000.0,0.890718,,0.0,,1.0,,2
2025_05_28_17_49_28_796056,100.0,0.5,1.0,0.0,0.2,100000.0,0.96678,,0.0,,0.0,,8
2025_05_28_18_04_06_983061,10.0,0.5,1.0,0.0,0.2,100000.0,0.96515,,0.0,,0.0,,8
2025_05_28_18_55_50_399304,10.0,0.5,1.0,0.0,0.2,100000.0,0.74505,,0.0,,1.0,,8
2025_05_29_08_49_27_427206,1000.0,0.5,1.0,0.0,0.2,100000.0,0.6216,,0.0,,1.0,,8
2025_05_29_08_52_20_959036,1000.0,0.5,1.0,0.0,0.2,100000.0,0.95256,,0.0,,0.0,,8
2025_05_29_17_01_51_621759,10.0,0.5,1.0,0.0,0.2,100000.0,0.95442,,0.0,,0.0,,8
2025_05_29_17_04_36_623758,10.0,0.5,1.0,1.0,0.2,100000.0,0.96639,,0.0,,0.0,,2
2025_05_29_17_55_06_717604,10.0,20.0,1.0,0.0,0.2,100000.0,0.33042,,0.0,,0.0,,8
2025_05_29_18_00_35_501063,10.0,0.5,1.0,1.0,0.2,100000.0,0.88054,,0.0,,1.0,,2
2025_05_29_18_04_57_737569,10.0,0.5,1.0,0.0,0.2,100000.0,0.71951,,0.0,,1.0,,8
2025_05_29_18_53_31_174209,100.0,0.5,1.0,1.0,0.2,100000.0,0.96845,,0.0,,0.0,,2
2025_05_29_19_39_19_914627,100.0,0.5,1.0,0.0,0.2,100000.0,0.95449,,0.0,,0.0,,8
2025_05_29_19_56_47_436295,100.0,20.0,1.0,0.0,0.2,100000.0,0.33152,,0.0,,0.0,,8
2025_05_29_20_17_16_243363,10.0,20.0,1.0,1.0,0.2,100000.0,0.66334,,0.0,,0.0,,2
2025_05_29_20_24_13_936256,100.0,0.5,1.0,1.0,0.2,100000.0,0.8407,,0.0,,1.0,,2
2025_05_29_20_58_56_586573,10.0,20.0,1.0,0.0,0.2,100000.0,0.23421,,0.0,,1.0,,8
2025_05_29_21_02_13_286943,100.0,20.0,1.0,1.0,0.2,100000.0,0.58653,,0.0,,1.0,,2
2025_05_29_21_02_15_929011,1000.0,0.5,1.0,0.0,0.2,100000.0,0.92678,,0.0,,0.0,,8
2025_05_29_21_04_22_547431,10.0,20.0,1.0,1.0,0.2,100000.0,0.58806,,0.0,,1.0,,2
2025_05_29_21_07_26_293204,1000.0,0.5,1.0,1.0,0.2,100000.0,0.92557,,0.0,,1.0,,2
2025_05_29_21_08_05_071910,100.0,20.0,1.0,1.0,0.2,100000.0,0.66497,,0.0,,0.0,,2
2025_05_29_21_08_12_489403,1000.0,0.5,1.0,0.0,0.2,100000.0,0.66615,,0.0,,1.0,,8
2025_05_29_21_09_49_341230,100.0,0.5,1.0,0.0,0.2,100000.0,0.74041,,0.0,,1.0,,8
2025_05_29_21_09_55_611086,1000.0,0.5,1.0,1.0,0.2,100000.0,0.9733,,0.0,,0.0,,2
2025_05_29_21_10_04_407779,1000.0,20.0,1.0,0.0,0.2,100000.0,0.23594,,0.0,,1.0,,8
2025_05_29_21_10_19_405883,1000.0,20.0,1.0,0.0,0.2,100000.0,0.32179,,0.0,,0.0,,8
2025_05_29_21_10_32_616656,100.0,20.0,1.0,0.0,0.2,100000.0,0.23483,,0.0,,1.0,,8
2025_05_29_21_10_45_404068,1000.0,20.0,1.0,1.0,0.2,100000.0,0.58456,,0.0,,1.0,,2
2025_05_29_21_12_27_518918,1000.0,20.0,1.0,1.0,0.2,100000.0,0.66259,,0.0,,0.0,,2
2025_05_30_00_32_05_208652,1000.0,0.5,1.0,1.0,0.2,1000000.0,0.880609,,0.0,,1.0,,2
2025_05_30_00_32_29_646005,1000.0,20.0,1.0,1.0,0.2,1000000.0,0.660388,,0.0,,0.0,,2
2025_05_30_00_34_52_241400,1000.0,20.0,1.0,1.0,0.2,1000000.0,0.584125,,0.0,,1.0,,2
2025_05_30_00_36_58_755110,1000.0,0.5,1.0,1.0,0.2,1000000.0,0.973685,,0.0,,0.0,,2
2025_05_30_00_40_39_432592,1000.0,20.0,1.0,0.0,0.2,1000000.0,0.235292,,0.0,,1.0,,8
2025_05_30_00_43_41_392108,100.0,0.5,1.0,1.0,0.2,1000000.0,0.973875,,0.0,,0.0,,2
2025_05_30_00_49_33_436723,1000.0,20.0,1.0,0.0,0.2,1000000.0,0.324264,,0.0,,0.0,,8
2025_05_30_00_52_27_779331,100.0,20.0,1.0,1.0,0.2,1000000.0,0.661378,,0.0,,0.0,,2
2025_05_30_00_55_16_887160,100.0,20.0,1.0,0.0,0.2,1000000.0,0.328606,,0.0,,0.0,,8
2025_05_30_00_59_02_933968,100.0,20.0,1.0,1.0,0.2,1000000.0,0.58725,,0.0,,1.0,,2
2025_05_30_01_02_41_679782,100.0,0.5,1.0,1.0,0.2,1000000.0,0.871203,,0.0,,1.0,,2
2025_05_30_01_38_11_316376,100.0,20.0,1.0,0.0,0.2,1000000.0,0.237171,,0.0,,1.0,,8
2025_05_30_01_41_27_243124,10.0,0.5,1.0,1.0,0.2,1000000.0,0.969204,,0.0,,0.0,,2
2025_05_30_02_50_59_350394,10.0,20.0,1.0,0.0,0.2,1000000.0,0.328614,,0.0,,0.0,,8
2025_05_30_03_07_00_327534,10.0,20.0,1.0,1.0,0.2,1000000.0,0.660643,,0.0,,0.0,,2
2025_05_30_04_04_31_224358,10.0,20.0,1.0,1.0,0.2,1000000.0,0.585482,,0.0,,1.0,,2
2025_05_30_04_14_20_284001,10.0,0.5,1.0,1.0,0.2,1000000.0,0.871199,,0.0,,1.0,,2
2025_05_30_11_15_35_120990,100.0,5.0,1.0,0.0,0.2,100000.0,0.6586,,0.0,,0.0,,8
2025_05_30_11_18_50_410188,100.0,10.0,1.0,0.0,0.2,100000.0,0.51092,,0.0,,0.0,,8
2025_05_30_11_23_09_979046,10.0,10.0,1.0,1.0,0.2,100000.0,0.77292,,0.0,,0.0,,2
2025_05_30_11_23_56_957682,10.0,5.0,1.0,0.0,0.2,100000.0,0.66388,,0.0,,0.0,,8
2025_05_30_11_24_46_095850,10.0,5.0,1.0,1.0,0.2,100000.0,0.85252,,0.0,,0.0,,2
2025_05_30_11_31_59_031207,10.0,5.0,1.0,1.0,0.2,100000.0,0.74895,,0.0,,1.0,,2
2025_05_30_11_33_58_739254,10.0,10.0,1.0,1.0,0.2,100000.0,0.68479,,0.0,,1.0,,2
2025_05_30_11_36_26_049800,10.0,10.0,1.0,0.0,0.2,100000.0,0.50609,,0.0,,0.0,,8
2025_05_30_11_38_59_384059,1000.0,5.0,1.0,0.0,0.2,100000.0,0.67203,,0.0,,0.0,,8
2025_05_30_11_39_17_549136,100.0,5.0,1.0,1.0,0.2,100000.0,0.85782,,0.0,,0.0,,2
2025_05_30_11_39_32_458937,100.0,5.0,1.0,1.0,0.2,100000.0,0.73538,,0.0,,1.0,,2
2025_05_30_11_45_16_279436,100.0,10.0,1.0,0.0,0.2,100000.0,0.36847,,0.0,,1.0,,8
2025_05_30_11_47_19_931209,100.0,5.0,1.0,0.0,0.2,100000.0,0.48204,,0.0,,1.0,,8
2025_05_30_11_54_27_295128,100.0,10.0,1.0,1.0,0.2,100000.0,0.77492,,0.0,,0.0,,2
2025_05_30_12_02_10_892171,100.0,10.0,1.0,1.0,0.2,100000.0,0.67733,,0.0,,1.0,,2
2025_05_30_12_04_06_439975,1000.0,5.0,1.0,1.0,0.2,100000.0,0.8573,,0.0,,0.0,,2
2025_05_30_12_06_54_315338,1000.0,5.0,1.0,1.0,0.2,100000.0,0.75265,,0.0,,1.0,,2
2025_05_30_12_07_33_367873,1000.0,5.0,1.0,0.0,0.2,100000.0,0.48016,,0.0,,1.0,,8
2025_05_30_12_14_12_998655,10.0,5.0,1.0,0.0,0.2,100000.0,0.4844,,0.0,,1.0,,8
2025_05_30_12_24_29_288424,1000.0,10.0,1.0,0.0,0.2,100000.0,0.36885,,0.0,,1.0,,8
2025_05_30_12_27_50_534379,1000.0,10.0,1.0,0.0,0.2,100000.0,0.50528,,0.0,,0.0,,8
2025_05_30_12_28_10_275860,1000.0,10.0,1.0,1.0,0.2,100000.0,0.7792,,0.0,,0.0,,2
2025_05_30_12_31_33_789332,10.0,10.0,1.0,0.0,0.2,100000.0,0.36462,,0.0,,1.0,,8
2025_05_30_12_43_14_938623,1000.0,10.0,1.0,1.0,0.2,100000.0,0.68098,,0.0,,1.0,,2
2025_05_30_15_01_39_767100,100.0,5.0,1.0,1.0,0.2,1000000.0,0.852058,,0.0,,0.0,,2
2025_05_30_15_28_29_030068,100.0,10.0,1.0,1.0,0.2,1000000.0,0.775675,,0.0,,0.0,,2
2025_05_30_15_34_37_167135,1000.0,5.0,1.0,1.0,0.2,1000000.0,0.745998,,0.0,,1.0,,2
2025_05_30_15_38_08_160396,1000.0,10.0,1.0,1.0,0.2,1000000.0,0.779272,,0.0,,0.0,,2
2025_05_30_15_39_05_996572,1000.0,5.0,1.0,1.0,0.2,1000000.0,0.860869,,0.0,,0.0,,2
2025_05_30_15_42_51_502411,1000.0,10.0,1.0,0.0,0.2,1000000.0,0.362588,,0.0,,1.0,,8
2025_05_30_15_44_52_242065,100.0,5.0,1.0,1.0,0.2,1000000.0,0.746363,,0.0,,1.0,,2
2025_05_30_15_47_22_852027,100.0,10.0,1.0,1.0,0.2,1000000.0,0.677379,,0.0,,1.0,,2
2025_05_30_16_01_45_537609,1000.0,10.0,1.0,1.0,0.2,1000000.0,0.679987,,0.0,,1.0,,2
2025_05_30_16_29_11_661076,100.0,10.0,1.0,0.0,0.2,1000000.0,0.367013,,0.0,,1.0,,8
2025_05_30_16_36_17_225675,10.0,5.0,1.0,1.0,0.2,1000000.0,0.854514,,0.0,,0.0,,2
2025_05_30_16_39_48_133227,10.0,10.0,1.0,1.0,0.2,1000000.0,0.775685,,0.0,,0.0,,2
2025_05_30_18_20_38_167314,10.0,5.0,1.0,1.0,0.2,1000000.0,0.744751,,0.0,,1.0,,2
2025_05_30_18_29_45_981684,10.0,10.0,1.0,1.0,0.2,1000000.0,0.67758,,0.0,,1.0,,2
2025_06_10_15_38_40_318035,1000.0,1.0,1.0,1.0,0.2,100000.0,0.92268,,0.0,,0.0,,2
2025_06_10_16_14_01_877637,100.0,1.0,1.0,0.0,0.2,100000.0,0.91699,,0.0,,0.0,,9
2025_06_10_16_17_47_822797,100.0,1.0,1.0,1.0,0.2,100000.0,0.81988,,0.0,,1.0,,2
2025_06_10_16_17_50_698661,1000.0,1.0,1.0,0.0,0.2,100000.0,0.66723,,0.0,,1.0,,9
2025_06_10_16_17_56_576730,100.0,10.0,1.0,1.0,0.2,100000.0,0.67273,,0.0,,0.0,,2
2025_06_10_16_18_03_709450,100.0,20.0,1.0,1.0,0.2,100000.0,0.57709,,0.0,,0.0,,2
2025_06_10_16_18_06_219150,100.0,1.0,1.0,1.0,0.2,100000.0,0.867,,0.0,,0.0,,2
2025_06_10_16_22_28_305343,1000.0,1.0,1.0,0.0,0.2,100000.0,0.94299,,0.0,,0.0,,9
2025_06_10_16_22_43_980572,100.0,10.0,1.0,0.0,0.2,100000.0,0.40006,,0.0,,0.0,,9
2025_06_10_16_22_45_417629,100.0,20.0,1.0,0.0,0.2,100000.0,0.19914,,0.0,,1.0,,9
2025_06_10_16_25_54_907374,100.0,10.0,1.0,0.0,0.2,100000.0,0.32525,,0.0,,1.0,,9
2025_06_10_16_27_21_462432,100.0,1.0,1.0,0.0,0.2,100000.0,0.66674,,0.0,,1.0,,9
2025_06_10_16_27_31_078418,100.0,10.0,1.0,1.0,0.2,100000.0,0.66548,,0.0,,1.0,,2
2025_06_10_16_28_00_004238,10.0,1.0,1.0,0.0,0.2,100000.0,0.90571,,0.0,,0.0,,9
2025_06_10_16_28_13_005797,10.0,1.0,1.0,1.0,0.2,100000.0,0.87792,,0.0,,0.0,,2
2025_06_10_16_28_29_708018,100.0,20.0,1.0,0.0,0.2,100000.0,0.24009,,0.0,,0.0,,9
2025_06_10_16_28_30_664149,1000.0,20.0,1.0,0.0,0.2,100000.0,0.25337,,0.0,,0.0,,9
2025_06_10_16_28_36_938961,10.0,20.0,1.0,1.0,0.2,100000.0,0.57566,,0.0,,0.0,,2
2025_06_10_16_29_05_917674,1000.0,1.0,1.0,1.0,0.2,100000.0,0.85237,,0.0,,1.0,,2
2025_06_10_16_29_06_530253,10.0,10.0,1.0,1.0,0.2,100000.0,0.67423,,0.0,,0.0,,2
2025_06_10_16_29_21_776640,1000.0,10.0,1.0,1.0,0.2,100000.0,0.66758,,0.0,,1.0,,2
2025_06_10_16_29_28_660438,100.0,20.0,1.0,1.0,0.2,100000.0,0.5741,,0.0,,1.0,,2
2025_06_10_16_29_49_802951,1000.0,20.0,1.0,1.0,0.2,100000.0,0.58011,,0.0,,0.0,,2
2025_06_10_16_30_08_029586,1000.0,10.0,1.0,1.0,0.2,100000.0,0.68235,,0.0,,0.0,,2
2025_06_10_16_32_02_345069,1000.0,20.0,1.0,1.0,0.2,100000.0,0.57374,,0.0,,1.0,,2
2025_06_10_16_36_29_895730,1000.0,20.0,1.0,0.0,0.2,100000.0,0.20483,,0.0,,1.0,,9
2025_06_10_17_02_25_459964,10.0,10.0,1.0,0.0,0.2,100000.0,0.39861,,0.0,,0.0,,9
2025_06_10_17_07_03_374282,10.0,20.0,1.0,0.0,0.2,100000.0,0.23772,,0.0,,0.0,,9
2025_06_10_17_11_51_771976,10.0,10.0,1.0,1.0,0.2,100000.0,0.66566,,0.0,,1.0,,2
2025_06_10_17_13_39_173042,10.0,1.0,1.0,1.0,0.2,100000.0,0.81102,,0.0,,1.0,,2
2025_06_10_17_22_20_961053,10.0,20.0,1.0,1.0,0.2,100000.0,0.56926,,0.0,,1.0,,2
2025_06_10_17_25_11_382818,1000.0,10.0,1.0,0.0,0.2,100000.0,0.41965,,0.0,,0.0,,9
2025_06_10_17_30_09_755455,1000.0,10.0,1.0,0.0,0.2,100000.0,0.34644,,0.0,,1.0,,9
2025_06_10_19_34_57_438894,10.0,1.0,1.0,0.0,0.2,100000.0,0.60577,,0.0,,1.0,,9
2025_06_10_19_35_22_324227,10.0,10.0,1.0,0.0,0.2,100000.0,0.32226,,0.0,,1.0,,9
2025_06_10_19_41_40_947157,10.0,20.0,1.0,0.0,0.2,100000.0,0.19946,,0.0,,1.0,,9
2025_06_10_20_05_20_566199,100.0,10.0,1.0,0.0,0.2,100000.0,0.13921,,0.0,,0.0,,28
2025_06_10_20_35_32_581588,1000.0,20.0,1.0,0.0,0.2,100000.0,0.02011,,0.0,,1.0,,28
2025_06_10_21_07_35_970802,10.0,1.0,1.0,0.0,0.2,100000.0,0.27651,,0.0,,0.0,,28
2025_06_10_21_20_21_966232,100.0,20.0,1.0,0.0,0.2,100000.0,0.03662,,0.0,,0.0,,28
2025_06_10_21_20_58_679220,1000.0,10.0,1.0,0.0,0.2,100000.0,0.1771,,0.0,,0.0,,28
2025_06_10_21_25_42_687263,1000.0,20.0,1.0,0.0,0.2,100000.0,0.0423,,0.0,,0.0,,28
2025_06_10_21_26_27_442978,1000.0,1.0,1.0,0.0,0.2,100000.0,0.29657,,0.0,,0.0,,28
2025_06_10_21_30_47_509893,1000.0,10.0,1.0,0.0,0.2,100000.0,0.06014,,0.0,,1.0,,28
2025_06_10_22_21_51_464859,100.0,10.0,1.0,0.0,0.2,100000.0,0.05493,,0.0,,1.0,,28
2025_06_10_23_05_27_904342,100.0,1.0,1.0,0.0,0.2,100000.0,0.79488,,0.0,,0.0,,28
2025_06_10_23_09_02_891119,10.0,10.0,1.0,0.0,0.2,100000.0,0.12812,,0.0,,0.0,,28
2025_06_10_23_11_21_683179,10.0,20.0,1.0,0.0,0.2,100000.0,0.03679,,0.0,,0.0,,28
2025_06_10_23_19_42_963020,100.0,1.0,1.0,0.0,0.2,100000.0,0.10335,,0.0,,1.0,,28
2025_06_10_23_31_54_397074,1000.0,1.0,1.0,0.0,0.2,100000.0,0.0705,,0.0,,1.0,,28
2025_06_10_23_32_00_618210,100.0,20.0,1.0,0.0,0.2,100000.0,0.01895,,0.0,,1.0,,28
2025_06_11_18_06_31_539560,10.0,1.0,1.0,0.0,0.2,1000.0,0.104,,0.0,,1.0,,28
2025_06_11_18_07_22_472000,10.0,10.0,1.0,0.0,0.2,1000.0,0.017,,0.0,,1.0,,28
2025_06_11_18_10_33_962505,100.0,10.0,1.0,0.0,0.2,1000.0,0.041,,0.0,,1.0,,28
2025_06_11_18_10_36_403841,100.0,1.0,1.0,0.0,0.2,1000.0,0.105,,0.0,,1.0,,28
2025_06_11_18_13_14_858783,1000.0,20.0,1.0,0.0,0.2,1000.0,0.0,,0.0,,1.0,,28
2025_06_11_18_13_15_458134,1000.0,10.0,1.0,0.0,0.2,1000.0,0.031,,0.0,,1.0,,28
2025_06_11_18_14_02_993257,1000.0,1.0,1.0,0.0,0.2,1000.0,0.106,,0.0,,1.0,,28
2025_06_11_18_14_09_837405,10.0,20.0,1.0,0.0,0.2,1000.0,0.0,,0.0,,1.0,,28
2025_06_11_18_14_22_288407,100.0,20.0,1.0,0.0,0.2,1000.0,0.0,,0.0,,1.0,,28
2025_06_11_18_14_29_090806,1000.0,1.0,1.0,0.0,0.2,100000.0,0.06251,,0.0,,1.0,,28
2025_06_11_18_18_13_924533,1000.0,10.0,1.0,0.0,0.2,100000.0,0.05397,,0.0,,1.0,,28
2025_06_11_18_36_12_602270,1000.0,20.0,1.0,0.0,0.2,100000.0,0.01638,,0.0,,1.0,,28
2025_06_11_18_50_16_753418,100.0,10.0,1.0,0.0,0.2,100000.0,0.05725,,0.0,,1.0,,28
2025_06_11_18_54_56_339929,100.0,1.0,1.0,0.0,0.2,100000.0,0.09481,,0.0,,1.0,,28
2025_06_11_18_55_31_102563,100.0,20.0,1.0,0.0,0.2,100000.0,0.01872,,0.0,,1.0,,28
2025_06_12_01_06_54_380498,10.0,10.0,1.0,0.0,0.2,100000.0,0.05764,,0.0,,1.0,,28
2025_06_12_01_15_54_976066,10.0,20.0,1.0,0.0,0.2,100000.0,0.01456,,0.0,,1.0,,28
2025_06_12_01_35_42_396543,10.0,1.0,1.0,0.0,0.2,100000.0,0.10538,,0.0,,1.0,,28
2025_06_23_15_36_32_445369,200.0,10.0,1.0,0.0,0.2,100000.0,0.17357,16763041.0,0.0,3014.8180451393127,0.0,,28
2025_06_23_15_36_35_560040,5000.0,10.0,1.0,0.0,0.2,100000.0,0.10793,16763051.0,0.0,2995.1507647037506,0.0,,28
2025_06_23_15_36_35_662197,1000.0,10.0,1.0,0.0,0.2,100000.0,0.18101,16763047.0,0.0,3021.681965112686,0.0,,28
2025_06_23_15_36_44_833215,350.0,10.0,1.0,0.0,0.2,100000.0,0.1966,16763039.0,0.0,3063.810674190521,0.0,,28
2025_06_23_15_37_02_936688,2000.0,10.0,1.0,0.0,0.2,100000.0,0.14639,16763049.0,0.0,3043.561692237854,0.0,,28
2025_06_23_15_37_05_479129,500.0,10.0,1.0,0.0,0.2,100000.0,0.18052,16763045.0,0.0,3049.584906578064,0.0,,28
2025_06_23_15_37_13_085852,5000.0,10.0,1.0,0.0,0.2,100000.0,0.03524,16763052.0,0.0,3031.9535281658173,1.0,,28
2025_06_23_15_37_13_371682,750.0,10.0,1.0,0.0,0.2,100000.0,0.18341,16763042.0,0.0,3059.414493560791,0.0,,28
2025_06_23_15_38_12_709710,150.0,10.0,1.0,0.0,0.2,100000.0,0.14102,16763033.0,0.0,3151.2400040626526,0.0,,28
2025_06_23_15_38_24_307081,2000.0,10.0,1.0,0.0,0.2,100000.0,0.05084,16763050.0,0.0,3130.262233734131,1.0,,28
2025_06_23_15_40_28_433020,100.0,10.0,1.0,0.0,0.2,100000.0,0.13538,16763035.0,0.0,3287.954125881195,0.0,,28
2025_06_23_15_41_55_394560,1000.0,10.0,1.0,0.0,0.2,100000.0,0.05783,16763048.0,0.0,3341.478781461716,1.0,,28
2025_06_23_15_42_21_276210,75.0,10.0,1.0,0.0,0.2,100000.0,0.13401,16763030.0,0.0,3401.651014328003,0.0,,28
2025_06_23_15_43_07_055429,50.0,10.0,1.0,0.0,0.2,100000.0,0.13868,16763025.0,0.0,3444.2530665397644,0.0,,28
2025_06_23_15_43_27_451715,750.0,10.0,1.0,0.0,0.2,100000.0,0.05427,16763044.0,0.0,3429.83065199852,1.0,,28
2025_06_23_15_44_30_360201,500.0,10.0,1.0,0.0,0.2,100000.0,0.05538,16763046.0,0.0,3496.408006668091,1.0,,28
2025_06_23_15_46_55_388790,35.0,10.0,1.0,0.0,0.2,100000.0,0.12531,16763024.0,0.0,3675.719197034836,0.0,,28
2025_06_23_15_47_39_295504,350.0,10.0,1.0,0.0,0.2,100000.0,0.05481,16763043.0,0.0,3685.290326356888,1.0,,28
2025_06_23_15_55_44_384946,200.0,10.0,1.0,0.0,0.2,100000.0,0.06008,16763040.0,0.0,4200.539957523346,1.0,,28
2025_06_23_15_58_24_055575,20.0,10.0,1.0,0.0,0.2,100000.0,0.13315,16763023.0,0.0,4359.615083932877,0.0,,28
2025_06_23_16_04_04_446535,150.0,10.0,1.0,0.0,0.2,100000.0,0.05306,16763034.0,0.0,4703.7737283706665,1.0,,28
2025_06_23_16_05_18_472889,15.0,10.0,1.0,0.0,0.2,100000.0,0.12906,16763028.0,0.0,4776.447903633118,0.0,,28
2025_06_23_16_15_50_005696,100.0,10.0,1.0,0.0,0.2,100000.0,0.05488,16763037.0,0.0,5405.685560703278,1.0,,28
2025_06_23_16_21_15_892653,10.0,10.0,1.0,0.0,0.2,100000.0,0.12899,16763021.0,0.0,5735.401359796524,0.0,,28
2025_06_23_16_29_29_737857,75.0,10.0,1.0,0.0,0.2,100000.0,0.05492,16763032.0,0.0,6228.488618373871,1.0,,28
2025_06_23_16_54_31_897687,50.0,10.0,1.0,0.0,0.2,100000.0,0.06059,16763038.0,0.0,7729.043397426605,1.0,,28
2025_06_23_17_03_56_048526,5.0,10.0,1.0,0.0,0.2,100000.0,0.12963,16763020.0,0.0,8295.005487680435,0.0,,28
2025_06_23_17_32_34_389244,35.0,10.0,1.0,0.0,0.2,100000.0,0.06014,16763031.0,0.0,10009.945935249329,1.0,,28
2025_06_23_18_55_07_384397,20.0,10.0,1.0,0.0,0.2,100000.0,0.0601,16763022.0,0.0,14983.777027845385,1.0,,28
2025_06_23_20_21_40_304145,15.0,10.0,1.0,0.0,0.2,100000.0,0.05317,16763027.0,0.0,20159.668138742447,1.0,,28
2025_06_23_22_21_18_275714,10.0,10.0,1.0,0.0,0.2,100000.0,0.05458,16763026.0,0.0,27338.05617213249,1.0,,28
2025_06_25_10_31_22_362598,5000.0,10.0,1.0,0.0,1.0,100000.0,0.28187,16803792.0,1.0,1848.779514312744,1.0,,28
2025_06_25_10_32_42_638935,2000.0,10.0,1.0,0.0,1.0,100000.0,0.30823,16803791.0,1.0,1930.7344653606413,1.0,,28
2025_06_25_11_25_53_295726,200.0,10.0,1.0,0.0,1.0,100000.0,0.45835,16803773.0,1.0,5185.635755062103,0.0,,28
2025_06_25_11_26_37_398715,5000.0,10.0,1.0,0.0,1.0,100000.0,0.46124,16803785.0,1.0,5194.282495260239,0.0,,28
2025_06_25_11_26_57_704482,1000.0,10.0,1.0,0.0,1.0,100000.0,0.5073,16803788.0,1.0,5217.555123090744,0.0,,28
2025_06_25_11_27_06_074289,350.0,10.0,1.0,0.0,1.0,100000.0,0.4346,16803779.0,1.0,5258.947298765183,0.0,,28
2025_06_25_11_27_08_574769,2000.0,10.0,1.0,0.0,1.0,100000.0,0.4536,16803790.0,1.0,5230.004810571671,0.0,,28
2025_06_25_11_27_29_113759,500.0,10.0,1.0,0.0,1.0,100000.0,0.46636,16803784.0,1.0,5250.486805200577,0.0,,28
2025_06_25_11_27_37_958476,750.0,10.0,1.0,0.0,1.0,100000.0,0.47612,16803789.0,1.0,5258.80477809906,0.0,,28
2025_06_25_11_28_34_769742,150.0,10.0,1.0,0.0,1.0,100000.0,0.43598,16803769.0,1.0,5351.698118686676,0.0,,28
2025_06_25_11_31_12_900825,100.0,10.0,1.0,0.0,1.0,100000.0,0.44039,16803778.0,1.0,5505.001165390015,0.0,,28
2025_06_25_11_32_09_048682,1000.0,10.0,1.0,0.0,1.0,100000.0,0.31994,16803786.0,1.0,5526.4751172065735,1.0,,28
2025_06_25_11_32_54_033719,75.0,10.0,1.0,0.0,1.0,100000.0,0.43199,16803768.0,1.0,5608.428463459015,0.0,,28
2025_06_25_11_34_24_259086,750.0,10.0,1.0,0.0,1.0,100000.0,0.32092,16803783.0,1.0,5665.629711151123,1.0,,28
2025_06_25_11_34_26_739343,50.0,10.0,1.0,0.0,1.0,100000.0,0.43522,16803766.0,1.0,5702.312824487686,0.0,,28
2025_06_25_11_36_18_669342,500.0,10.0,1.0,0.0,1.0,100000.0,0.32214,16803787.0,1.0,5775.85843038559,1.0,,28
2025_06_25_11_43_06_767850,350.0,10.0,1.0,0.0,1.0,100000.0,0.32971,16803782.0,1.0,6186.779021024704,1.0,,28
2025_06_25_11_45_35_491786,35.0,10.0,1.0,0.0,1.0,100000.0,0.42651,16803775.0,1.0,6370.552310228348,0.0,,28
2025_06_25_11_52_02_377905,200.0,10.0,1.0,0.0,1.0,100000.0,0.32756,16803777.0,1.0,6756.832668542862,1.0,,28
2025_06_25_12_04_25_424007,150.0,10.0,1.0,0.0,1.0,100000.0,0.33149,16803774.0,1.0,7499.73393702507,1.0,,28
2025_06_25_12_04_34_220092,20.0,10.0,1.0,0.0,1.0,100000.0,0.42711,16803776.0,1.0,7510.212934732437,0.0,,28
2025_06_25_12_04_47_446469,15.0,10.0,1.0,0.0,1.0,100000.0,0.42539,16803765.0,1.0,7522.369451999664,0.0,,28
2025_06_25_12_21_20_021242,100.0,10.0,1.0,0.0,1.0,100000.0,0.32922,16803780.0,1.0,8513.891741991043,1.0,,28
2025_06_25_12_22_33_875562,10.0,10.0,1.0,0.0,1.0,100000.0,0.42545,16803762.0,1.0,8590.554035902023,0.0,,28
2025_06_25_12_36_00_900108,75.0,10.0,1.0,0.0,1.0,100000.0,0.3288,16803781.0,1.0,9359.31782412529,1.0,,28
2025_06_25_13_04_00_396902,50.0,10.0,1.0,0.0,1.0,100000.0,0.33031,16803771.0,1.0,10992.42928314209,1.0,,28
2025_06_25_13_35_08_532611,5.0,10.0,1.0,0.0,1.0,100000.0,0.4222,16803770.0,1.0,12942.377942323685,0.0,,28
2025_06_25_13_38_54_121891,35.0,10.0,1.0,0.0,1.0,100000.0,0.33184,16803767.0,1.0,13170.587044000626,1.0,,28
2025_06_25_15_12_42_359360,20.0,10.0,1.0,0.0,1.0,100000.0,0.3341,16803764.0,1.0,18797.5602619648,1.0,,28
2025_06_25_16_12_52_388726,15.0,10.0,1.0,0.0,1.0,100000.0,0.33589,16803772.0,1.0,22409.120983839035,1.0,,28
2025_06_25_18_05_56_611536,150.0,10.0,1.0,0.0,0.2,100000.0,0.01856,16805900.0,0.0,4024.242038965225,3.0,,28
2025_06_25_18_12_29_285965,350.0,10.0,1.0,0.0,0.2,100000.0,0.04263,16805903.0,0.0,3522.6529154777527,2.0,,28
2025_06_25_18_12_33_628626,500.0,10.0,1.0,0.0,0.2,100000.0,0.02892,16805906.0,0.0,3260.0291979312897,2.0,,28
2025_06_25_18_13_24_108047,5000.0,10.0,1.0,0.0,0.2,100000.0,0.01581,16805916.0,0.0,2409.150773525238,3.0,,28
2025_06_25_18_16_36_205755,2000.0,10.0,1.0,0.0,0.2,100000.0,0.0234,16805914.0,0.0,2685.7661962509155,2.0,,28
2025_06_25_18_18_55_296164,5000.0,10.0,1.0,0.0,0.2,100000.0,0.02297,16805918.0,0.0,2612.748119115829,2.0,,28
2025_06_25_18_19_46_066328,2000.0,10.0,1.0,0.0,0.2,100000.0,0.01982,16805921.0,0.0,2582.754464864731,3.0,,28
2025_06_25_18_21_07_312628,75.0,10.0,1.0,0.0,0.2,100000.0,0.02361,16805896.0,0.0,5857.82755947113,3.0,,28
2025_06_25_18_21_30_557176,500.0,10.0,1.0,0.0,0.2,100000.0,0.02218,16805913.0,0.0,2979.4249184131622,3.0,,28
2025_06_25_18_22_13_732466,10.0,10.0,1.0,0.0,1.0,100000.0,0.33519,16803761.0,1.0,30170.48832964897,1.0,,28
2025_06_25_18_22_26_421042,1000.0,10.0,1.0,0.0,0.2,100000.0,0.01795,16805920.0,0.0,2823.8660402297974,3.0,,28
2025_06_25_18_23_11_203617,350.0,10.0,1.0,0.0,0.2,100000.0,0.01761,16805912.0,0.0,3206.647292137146,3.0,,28
2025_06_25_18_25_17_117674,200.0,10.0,1.0,0.0,0.2,100000.0,0.01886,16805908.0,0.0,3782.063813924789,3.0,,28
2025_06_25_18_25_54_018244,1000.0,10.0,1.0,0.0,0.2,100000.0,0.02137,16805919.0,0.0,3031.4755022525787,2.0,,28
2025_06_25_18_27_07_950660,750.0,10.0,1.0,0.0,0.2,100000.0,0.02907,16805917.0,0.0,3105.3886370658875,2.0,,28
2025_06_25_18_29_14_809687,750.0,10.0,1.0,0.0,0.2,100000.0,0.0212,16805915.0,0.0,3443.3017077445984,3.0,,28
2025_06_25_18_35_17_803601,100.0,10.0,1.0,0.0,0.2,100000.0,0.01768,16805901.0,0.0,5097.640444993973,3.0,,28
2025_06_25_18_40_50_938111,200.0,10.0,1.0,0.0,0.2,100000.0,0.037,16805909.0,0.0,4572.91218829155,2.0,,28
2025_06_25_18_41_07_005635,100.0,10.0,1.0,0.0,0.2,100000.0,0.03488,16805897.0,0.0,6417.615882396698,2.0,,28
2025_06_25_18_56_55_300949,150.0,10.0,1.0,0.0,0.2,100000.0,0.03561,16805911.0,0.0,5228.466156721115,2.0,,28
2025_06_25_19_03_21_741762,75.0,10.0,1.0,0.0,0.2,100000.0,0.05845,16805899.0,0.0,7616.722185134888,2.0,,28
2025_06_25_19_33_58_263473,50.0,10.0,1.0,0.0,0.2,100000.0,0.02073,16805910.0,0.0,7723.312131166458,3.0,,28
2025_06_25_19_56_03_053871,35.0,10.0,1.0,0.0,0.2,100000.0,0.02088,16805902.0,0.0,9818.288483858109,3.0,,28
2025_06_25_20_02_32_493897,50.0,10.0,1.0,0.0,0.2,100000.0,0.04955,16805904.0,0.0,10051.317066192629,2.0,,28
2025_06_25_21_04_11_093200,35.0,10.0,1.0,0.0,0.2,100000.0,0.05551,16805905.0,0.0,13616.3222386837,2.0,,28
2025_06_25_21_39_26_435065,20.0,10.0,1.0,0.0,0.2,100000.0,0.02168,16805907.0,0.0,15635.191103219986,3.0,,28
2025_06_25_22_25_34_499418,15.0,10.0,1.0,0.0,0.2,100000.0,0.0198,16805895.0,0.0,20524.905811548237,3.0,,28
2025_06_25_22_44_10_710485,20.0,10.0,1.0,0.0,0.2,100000.0,0.07161,16805898.0,0.0,20962.71133852005,2.0,,28
2025_06_25_23_59_12_047982,10.0,10.0,1.0,0.0,0.2,100000.0,0.02231,16805890.0,0.0,28006.402418613437,3.0,,28
2025_06_26_00_02_54_609703,15.0,10.0,1.0,0.0,0.2,100000.0,0.05993,16805894.0,0.0,26464.83799290657,2.0,,28
2025_06_26_02_47_18_831500,10.0,10.0,1.0,0.0,0.2,100000.0,0.0531,16805893.0,0.0,37262.98676848412,2.0,,28
2025_06_28_04_25_44_015750,35.0,10.0,1.0,0.0,0.2,100000.0,0.13362,16831407.0,0.0,24973.08805608749,0.0,,28
2025_06_28_04_50_14_933702,75.0,10.0,1.0,0.0,0.2,100000.0,0.13744,16831417.0,0.0,26055.755979776382,0.0,,28
2025_06_28_05_32_38_678206,200.0,10.0,1.0,0.0,0.2,100000.0,0.14554,16831425.0,0.0,28343.58962702751,0.0,,28
2025_06_28_05_51_26_928876,15.0,10.0,1.0,0.0,0.2,100000.0,0.13129,16831402.0,0.0,30478.797387123108,0.0,,28
2025_06_28_06_03_18_140338,150.0,10.0,1.0,0.0,0.2,100000.0,0.13914,16831426.0,0.0,30179.422464609142,0.0,,28
2025_06_28_06_05_12_018264,350.0,10.0,1.0,0.0,0.2,100000.0,0.14357,16831431.0,0.0,30229.99707269669,0.0,,28
2025_06_28_06_49_51_211151,750.0,10.0,1.0,0.0,0.2,100000.0,0.17242,16831435.0,0.0,32821.99762010574,0.0,,28
2025_06_28_06_59_47_224114,500.0,10.0,1.0,0.0,0.2,100000.0,0.20355,16831436.0,0.0,33380.59940171242,0.0,,28
2025_06_28_07_21_33_407119,100.0,10.0,1.0,0.0,0.2,100000.0,0.13177,16831434.0,0.0,34730.01017022133,0.0,,28
2025_06_28_07_37_53_162303,1000.0,10.0,1.0,0.0,0.2,100000.0,0.05637,16831448.0,0.0,35134.512847185135,1.0,,28
2025_06_28_08_12_28_674782,750.0,10.0,1.0,0.0,0.2,100000.0,0.05726,16831441.0,0.0,37487.70575428009,1.0,,28
2025_06_28_08_25_09_605236,750.0,10.0,1.0,0.0,0.2,100000.0,0.01876,16831439.0,0.0,38423.22978115082,3.0,,28
2025_06_28_08_40_17_462569,50.0,10.0,1.0,0.0,0.2,100000.0,0.13254,16831416.0,0.0,39937.83385467529,0.0,,28
2025_06_28_08_44_07_638933,10.0,10.0,1.0,0.0,0.2,100000.0,0.13169,16831399.0,0.0,40888.73072004318,0.0,,28
2025_06_28_09_09_21_286005,200.0,10.0,1.0,0.0,0.2,100000.0,0.05731,16831428.0,0.0,41283.18574357033,1.0,,28
2025_06_28_09_11_00_608946,1000.0,10.0,1.0,0.0,0.2,100000.0,0.19568,16831447.0,0.0,40859.59943699837,0.0,,28
2025_06_28_09_12_22_894458,1000.0,10.0,1.0,0.0,0.2,100000.0,0.03562,16831443.0,0.0,41080.54585814476,2.0,,28
2025_06_28_09_13_11_089279,200.0,10.0,1.0,0.0,0.2,100000.0,0.02125,16831432.0,0.0,41440.831189632416,3.0,,28
2025_06_28_09_18_37_560262,350.0,10.0,1.0,0.0,0.2,100000.0,0.05288,16831438.0,0.0,41631.88739705086,1.0,,28
2025_06_28_09_24_29_257690,500.0,10.0,1.0,0.0,0.2,100000.0,0.01886,16831445.0,0.0,41807.92582082749,3.0,,28
2025_06_28_09_25_10_009778,350.0,10.0,1.0,0.0,0.2,100000.0,0.03311,16831433.0,0.0,42159.28838539124,2.0,,28
2025_06_28_09_30_16_083021,500.0,10.0,1.0,0.0,0.2,100000.0,0.05469,16831446.0,0.0,42118.87834620476,1.0,,28
2025_06_28_09_31_09_555893,750.0,10.0,1.0,0.0,0.2,100000.0,0.03441,16831444.0,0.0,42206.95796203613,2.0,,28
2025_06_28_09_31_37_843597,5000.0,10.0,1.0,0.0,0.2,100000.0,0.14426,16831449.0,0.0,41905.190809965134,0.0,,28
2025_06_28_09_36_06_818447,2000.0,10.0,1.0,0.0,0.2,100000.0,0.01883,16831450.0,0.0,42174.21844911575,3.0,,28
2025_06_28_09_37_27_165044,350.0,10.0,1.0,0.0,0.2,100000.0,0.0217,16831440.0,0.0,42586.15810108185,3.0,,28
2025_06_28_09_38_59_284331,500.0,10.0,1.0,0.0,0.2,100000.0,0.03302,16831442.0,0.0,42677.77711367607,2.0,,28
2025_06_28_09_39_32_861817,5000.0,10.0,1.0,0.0,0.2,100000.0,0.01378,16831451.0,0.0,42277.27892804146,3.0,,28
2025_06_28_09_40_13_413240,200.0,10.0,1.0,0.0,0.2,100000.0,0.03919,16831427.0,0.0,43131.91659617424,2.0,,28
2025_06_28_09_53_40_619227,5000.0,10.0,1.0,0.0,0.2,100000.0,0.02151,16831453.0,0.0,43063.38572573662,2.0,,28
2025_06_28_09_55_39_606224,2000.0,10.0,1.0,0.0,0.2,100000.0,0.01979,16831452.0,0.0,43182.32214307785,2.0,,28
2025_06_30_16_35_14_705281,500.0,10.0,1.0,0.0,0.2,100000.0,0.17969,16842585.0,0.0,2000.592014312744,0.0,1.0,28
2025_06_30_16_35_30_614641,2000.0,10.0,1.0,0.0,0.2,100000.0,0.14251,16842591.0,0.0,2016.6208488941195,0.0,1.0,28
2025_06_30_16_35_52_551935,350.0,10.0,1.0,0.0,0.2,100000.0,0.2028,16842581.0,0.0,2076.4593634605408,0.0,1.0,28
2025_06_30_16_36_08_821185,3500.0,10.0,1.0,0.0,0.2,100000.0,0.10621,16842590.0,0.0,2054.674514532089,0.0,1.0,28
2025_06_30_16_36_26_829180,1500.0,10.0,1.0,0.0,0.2,100000.0,0.16599,16842593.0,0.0,2071.645987033844,0.0,1.0,28
2025_06_30_16_36_39_954070,1000.0,10.0,1.0,0.0,0.2,100000.0,0.18861,16842589.0,0.0,2084.748610973358,0.0,1.0,28
2025_06_30_16_36_40_315510,750.0,10.0,1.0,0.0,0.2,100000.0,0.17648,16842587.0,0.0,2086.2745504379272,0.0,1.0,28
2025_06_30_16_36_52_133052,5000.0,10.0,1.0,0.0,0.2,100000.0,0.15159,16842592.0,0.0,2097.4154980182648,0.0,1.0,28
2025_06_30_16_37_34_307070,200.0,10.0,1.0,0.0,0.2,100000.0,0.14637,16842586.0,0.0,2140.316429376602,0.0,1.0,28
2025_06_30_16_39_48_631612,75.0,10.0,1.0,0.0,0.2,100000.0,0.13989,16842580.0,0.0,2312.5408430099487,0.0,1.0,28
2025_06_30_16_40_57_305801,100.0,10.0,1.0,0.0,0.2,100000.0,0.1345,16842579.0,0.0,2381.199079275131,0.0,1.0,28
2025_06_30_16_43_03_462345,150.0,10.0,1.0,0.0,0.2,100000.0,0.17208,16842578.0,0.0,2506.9236454963684,0.0,1.0,28
2025_06_30_16_44_28_248897,50.0,10.0,1.0,0.0,0.2,100000.0,0.12999,16842583.0,0.0,2592.017941236496,0.0,1.0,28
2025_06_30_16_51_22_991920,35.0,10.0,1.0,0.0,0.2,100000.0,0.12821,16842584.0,0.0,3005.352581977844,0.0,1.0,28
2025_06_30_17_02_25_143175,20.0,10.0,1.0,0.0,0.2,100000.0,0.12947,16842577.0,0.0,3669.0171115398407,0.0,1.0,28
2025_06_30_17_13_59_754226,15.0,10.0,1.0,0.0,0.2,100000.0,0.13094,16842582.0,0.0,4363.533512115479,0.0,1.0,28
2025_06_30_17_19_01_644365,10.0,10.0,1.0,0.0,0.2,100000.0,0.12791,16842576.0,0.0,4665.10090637207,0.0,1.0,28
2025_06_30_18_00_26_511606,10.0,10.0,1.0,0.0,0.2,100000.0,0.1288,16842605.0,0.0,5066.6241137981415,0.0,2.0,28
2025_06_30_18_06_38_029634,5.0,10.0,1.0,0.0,0.2,100000.0,0.12487,16842575.0,0.0,7521.439579963684,0.0,1.0,28
2025_06_30_18_10_46_639527,15.0,10.0,1.0,0.0,0.2,100000.0,0.13048,16842620.0,0.0,4527.303015232086,0.0,3.0,28
2025_06_30_18_29_48_825438,10.0,10.0,1.0,0.0,0.2,100000.0,0.12683,16842609.0,0.0,6795.457948446274,0.0,3.0,28
2025_06_30_18_29_53_417819,20.0,10.0,1.0,0.0,0.2,100000.0,0.12477,16842628.0,0.0,4055.017637491226,0.0,3.0,28
2025_06_30_18_30_14_327825,35.0,10.0,1.0,0.0,0.2,100000.0,0.1293,16842640.0,0.0,3497.241956472397,0.0,2.0,28
2025_06_30_18_30_18_044914,20.0,10.0,1.0,0.0,0.2,100000.0,0.13349,16842630.0,0.0,3956.919894456864,0.0,4.0,28
2025_06_30_18_30_30_817194,10.0,10.0,1.0,0.0,0.2,100000.0,0.12537,16842611.0,0.0,6805.876035928726,0.0,4.0,28
2025_06_30_18_39_50_820386,20.0,10.0,1.0,0.0,0.2,100000.0,0.12941,16842637.0,0.0,4355.0790474414825,0.0,2.0,28
2025_06_30_18_41_05_653476,15.0,10.0,1.0,0.0,0.2,100000.0,0.13279,16842625.0,0.0,5126.205045461655,0.0,2.0,28
2025_06_30_18_46_21_598340,15.0,10.0,1.0,0.0,0.2,100000.0,0.12833,16842631.0,0.0,4920.439571857452,0.0,4.0,28
2025_06_30_18_53_12_149029,35.0,10.0,1.0,0.0,0.2,100000.0,0.13414,16842651.0,0.0,3619.2983617782593,0.0,3.0,28
2025_06_30_18_54_05_569794,5.0,10.0,1.0,0.0,0.2,100000.0,0.13144,16842599.0,0.0,9533.1736972332,0.0,2.0,28
2025_06_30_19_42_00_793795,35.0,10.0,1.0,0.0,0.2,100000.0,0.13503,16842654.0,0.0,5460.407972097397,0.0,4.0,28
2025_06_30_19_49_44_680873,5.0,10.0,1.0,0.0,0.2,100000.0,0.13115,16842601.0,0.0,12872.29421043396,0.0,4.0,28
2025_06_30_20_11_47_143618,5.0,10.0,1.0,0.0,0.2,100000.0,0.13197,16842600.0,0.0,14208.828378915789,0.0,3.0,28
2025_06_30_20_26_25_900437,50.0,10.0,1.0,0.0,0.2,100000.0,0.1294,16842660.0,0.0,6783.849524736404,0.0,3.0,28
2025_06_30_20_32_20_360312,50.0,10.0,1.0,0.0,0.2,100000.0,0.13933,16842662.0,0.0,7042.2531859874725,0.0,2.0,28
2025_06_30_20_36_33_224220,75.0,10.0,1.0,0.0,0.2,100000.0,0.13597,16842664.0,0.0,6900.260837554932,0.0,2.0,28
2025_06_30_20_38_05_222747,50.0,10.0,1.0,0.0,0.2,100000.0,0.13677,16842659.0,0.0,7580.066206216812,0.0,4.0,28
2025_06_30_21_33_24_696766,100.0,10.0,1.0,0.0,0.2,100000.0,0.14524,16842680.0,0.0,6649.556308507919,0.0,3.0,28
2025_06_30_21_42_33_155036,75.0,10.0,1.0,0.0,0.2,100000.0,0.1328,16842670.0,0.0,9402.7920897007,0.0,3.0,28
2025_06_30_21_50_56_548896,35.0,10.0,1.0,0.0,0.2,100000.0,0.05598,16842645.0,0.0,15122.794791936874,1.0,2.0,28
2025_06_30_22_23_13_968182,75.0,10.0,1.0,0.0,0.2,100000.0,0.13787,16842678.0,0.0,10620.83893084526,0.0,4.0,28
2025_06_30_23_03_29_238811,35.0,10.0,1.0,0.0,0.2,100000.0,0.05766,16842649.0,0.0,18727.241065502167,1.0,4.0,28
2025_06_30_23_03_35_475250,75.0,10.0,1.0,0.0,0.2,100000.0,0.05698,16842675.0,0.0,14152.732514858246,1.0,3.0,28
2025_06_30_23_29_22_600892,35.0,10.0,1.0,0.0,0.2,100000.0,0.05641,16842652.0,0.0,19658.060109853745,1.0,3.0,28
2025_06_30_23_43_12_121140,50.0,10.0,1.0,0.0,0.2,100000.0,0.05744,16842656.0,0.0,18728.97143507004,1.0,3.0,28
2025_06_30_23_47_28_075722,100.0,10.0,1.0,0.0,0.2,100000.0,0.13504,16842686.0,0.0,12203.50681090355,0.0,2.0,28
2025_06_30_23_50_37_111950,20.0,10.0,1.0,0.0,0.2,100000.0,0.05525,16842639.0,0.0,22957.549070835117,1.0,3.0,28
2025_06_30_23_52_13_389225,100.0,10.0,1.0,0.0,0.2,100000.0,0.13958,16842687.0,0.0,12488.84350180626,0.0,4.0,28
2025_06_30_23_57_46_183793,75.0,10.0,1.0,0.0,0.2,100000.0,0.04475,16842677.0,0.0,16908.76411962509,2.0,4.0,28
2025_07_01_00_01_36_297502,20.0,10.0,1.0,0.0,0.2,100000.0,0.06149,16842638.0,0.0,23617.47943854332,1.0,4.0,28
2025_07_01_00_06_12_588885,20.0,10.0,1.0,0.0,0.2,100000.0,0.05544,16842643.0,0.0,23299.821919202805,1.0,2.0,28
2025_07_01_00_07_09_393568,20.0,10.0,1.0,0.0,0.2,100000.0,0.02005,16842646.0,0.0,23295.410118579865,3.0,2.0,28
2025_07_01_00_08_08_722009,75.0,10.0,1.0,0.0,0.2,100000.0,0.05532,16842673.0,0.0,18141.00475955009,1.0,2.0,28
2025_07_01_00_12_52_661489,150.0,10.0,1.0,0.0,0.2,100000.0,0.14979,16842689.0,0.0,13154.382810592651,0.0,3.0,28
2025_07_01_00_16_17_438106,50.0,10.0,1.0,0.0,0.2,100000.0,0.01971,16842665.0,0.0,20014.97724175453,3.0,4.0,28
2025_07_01_00_22_06_805258,35.0,10.0,1.0,0.0,0.2,100000.0,0.04277,16842647.0,0.0,23665.43445253372,2.0,2.0,28
2025_07_01_00_22_16_886136,75.0,10.0,1.0,0.0,0.2,100000.0,0.02024,16842676.0,0.0,18447.7820019722,3.0,2.0,28
2025_07_01_00_26_52_196886,35.0,10.0,1.0,0.0,0.2,100000.0,0.01952,16842658.0,0.0,21366.66472697258,3.0,3.0,28
2025_07_01_00_35_48_879712,50.0,10.0,1.0,0.0,0.2,100000.0,0.0542,16842667.0,0.0,20723.617449998856,1.0,2.0,28
2025_07_01_00_37_04_137106,35.0,10.0,1.0,0.0,0.2,100000.0,0.05336,16842650.0,0.0,24280.411561965942,2.0,3.0,28
2025_07_01_00_46_53_954196,50.0,10.0,1.0,0.0,0.2,100000.0,0.0562,16842668.0,0.0,21197.348547697067,1.0,4.0,28
2025_07_01_00_52_22_486476,35.0,10.0,1.0,0.0,0.2,100000.0,0.01969,16842661.0,0.0,22712.39029598236,3.0,4.0,28
2025_07_01_00_56_04_435173,20.0,10.0,1.0,0.0,0.2,100000.0,0.01764,16842648.0,0.0,25686.028918981552,3.0,3.0,28
2025_07_01_00_56_13_802581,50.0,10.0,1.0,0.0,0.2,100000.0,0.02036,16842663.0,0.0,22479.72229862213,3.0,3.0,28
2025_07_01_01_04_00_190118,15.0,10.0,1.0,0.0,0.2,100000.0,0.05674,16842623.0,0.0,28282.73299241066,1.0,4.0,28
2025_07_01_01_06_28_372980,50.0,10.0,1.0,0.0,0.2,100000.0,0.02232,16842671.0,0.0,21639.12269759178,3.0,2.0,28
2025_07_01_01_13_34_703267,75.0,10.0,1.0,0.0,0.2,100000.0,0.05319,16842674.0,0.0,22063.896372556686,2.0,3.0,28
2025_07_01_01_19_20_672753,75.0,10.0,1.0,0.0,0.2,100000.0,0.06014,16842679.0,0.0,20764.27896475792,1.0,4.0,28
2025_07_01_01_26_46_723052,150.0,10.0,1.0,0.0,0.2,100000.0,0.1525,16842696.0,0.0,15264.551530122755,0.0,4.0,28
2025_07_01_01_31_16_482078,150.0,10.0,1.0,0.0,0.2,100000.0,0.05927,16842697.0,0.0,15324.773315429688,1.0,4.0,28
2025_07_01_01_32_18_639180,15.0,10.0,1.0,0.0,0.2,100000.0,0.01834,16842629.0,0.0,29342.95665717125,3.0,2.0,28
2025_07_01_01_37_42_880071,35.0,10.0,1.0,0.0,0.2,100000.0,0.01715,16842657.0,0.0,25599.48775458336,3.0,2.0,28
2025_07_01_01_38_35_331875,15.0,10.0,1.0,0.0,0.2,100000.0,0.01933,16842633.0,0.0,29646.20799231529,3.0,3.0,28
2025_07_01_01_40_52_426487,75.0,10.0,1.0,0.0,0.2,100000.0,0.02424,16842681.0,0.0,21443.943264722824,3.0,4.0,28
2025_07_01_01_42_35_412579,15.0,10.0,1.0,0.0,0.2,100000.0,0.05719,16842632.0,0.0,29894.048313856125,1.0,2.0,28
2025_07_01_01_44_00_882349,15.0,10.0,1.0,0.0,0.2,100000.0,0.02037,16842636.0,0.0,29805.032243967056,3.0,4.0,28
2025_07_01_01_45_47_270270,150.0,10.0,1.0,0.0,0.2,100000.0,0.14551,16842695.0,0.0,16406.637316942215,0.0,2.0,28
2025_07_01_01_48_43_337484,15.0,10.0,1.0,0.0,0.2,100000.0,0.05895,16842634.0,0.0,30104.717542648315,1.0,3.0,28
2025_07_01_01_55_07_326309,35.0,10.0,1.0,0.0,0.2,100000.0,0.05014,16842655.0,0.0,27446.746696710587,2.0,4.0,28
2025_07_01_02_09_10_293759,50.0,10.0,1.0,0.0,0.2,100000.0,0.04563,16842666.0,0.0,26387.600125074387,2.0,4.0,28
2025_07_01_02_18_03_384833,100.0,10.0,1.0,0.0,0.2,100000.0,0.02224,16842685.0,0.0,21774.878157377243,3.0,2.0,28
2025_07_01_02_26_14_331412,50.0,10.0,1.0,0.0,0.2,100000.0,0.04409,16842669.0,0.0,27026.62124872208,2.0,3.0,28
2025_07_01_02_29_05_505852,20.0,10.0,1.0,0.0,0.2,100000.0,0.03817,16842644.0,0.0,31811.733021736145,2.0,3.0,28
2025_07_01_02_32_29_189839,150.0,10.0,1.0,0.0,0.2,100000.0,0.05782,16842691.0,0.0,21268.5695002079,1.0,3.0,28
2025_07_01_02_45_41_198745,20.0,10.0,1.0,0.0,0.2,100000.0,0.05571,16842641.0,0.0,33170.51598072052,2.0,2.0,28
2025_07_01_02_46_15_836604,100.0,10.0,1.0,0.0,0.2,100000.0,0.05253,16842683.0,0.0,23718.57629060745,2.0,2.0,28
2025_07_01_02_58_00_654635,50.0,10.0,1.0,0.0,0.2,100000.0,0.04826,16842672.0,0.0,28332.90984559059,2.0,2.0,28
2025_07_01_03_00_19_037339,100.0,10.0,1.0,0.0,0.2,100000.0,0.04387,16842684.0,0.0,24449.31968522072,2.0,3.0,28
2025_07_01_03_02_04_596185,100.0,10.0,1.0,0.0,0.2,100000.0,0.0569,16842690.0,0.0,23058.7232067585,1.0,2.0,28
2025_07_01_03_02_17_124274,200.0,10.0,1.0,0.0,0.2,100000.0,0.157,16842704.0,0.0,18629.518722057343,0.0,2.0,28
2025_07_01_03_05_13_322481,100.0,10.0,1.0,0.0,0.2,100000.0,0.05645,16842692.0,0.0,23232.140971899036,1.0,4.0,28
2025_07_01_03_08_19_259692,100.0,10.0,1.0,0.0,0.2,100000.0,0.05877,16842693.0,0.0,23352.114387512207,1.0,3.0,28
2025_07_01_03_10_09_565341,75.0,10.0,1.0,0.0,0.2,100000.0,0.04868,16842682.0,0.0,26333.142127513885,2.0,2.0,28
2025_07_01_03_11_16_367619,10.0,10.0,1.0,0.0,0.2,100000.0,0.05422,16842616.0,0.0,37797.635874032974,1.0,4.0,28
2025_07_01_03_14_14_309552,150.0,10.0,1.0,0.0,0.2,100000.0,0.04865,16842705.0,0.0,19346.740040779117,2.0,3.0,28
2025_07_01_03_20_01_756342,10.0,10.0,1.0,0.0,0.2,100000.0,0.02376,16842615.0,0.0,38386.680502176285,3.0,4.0,28
2025_07_01_03_28_09_506885,100.0,10.0,1.0,0.0,0.2,100000.0,0.04277,16842688.0,0.0,25215.26789212227,2.0,4.0,28
2025_07_01_03_52_17_013997,10.0,10.0,1.0,0.0,0.2,100000.0,0.02152,16842619.0,0.0,39622.576746463776,3.0,3.0,28
2025_07_01_04_00_23_970701,20.0,10.0,1.0,0.0,0.2,100000.0,0.06546,16842653.0,0.0,35520.3509850502,2.0,4.0,28
2025_07_01_04_05_27_809427,150.0,10.0,1.0,0.0,0.2,100000.0,0.05632,16842700.0,0.0,23661.33127975464,1.0,2.0,28
2025_07_01_04_08_54_379569,15.0,10.0,1.0,0.0,0.2,100000.0,0.05896,16842627.0,0.0,38904.25466799736,2.0,3.0,28
2025_07_01_04_10_59_379382,150.0,10.0,1.0,0.0,0.2,100000.0,0.02696,16842698.0,0.0,24856.192958831787,2.0,4.0,28
2025_07_01_04_11_46_747936,150.0,10.0,1.0,0.0,0.2,100000.0,0.02209,16842699.0,0.0,24181.680221557617,3.0,2.0,28
2025_07_01_04_12_11_116678,10.0,10.0,1.0,0.0,0.2,100000.0,0.05811,16842617.0,0.0,41324.65146327019,1.0,2.0,28
2025_07_01_04_12_58_602330,75.0,10.0,1.0,0.0,0.2,100000.0,0.02069,16842694.0,0.0,26119.5277864933,3.0,3.0,28
2025_07_01_04_21_30_690068,15.0,10.0,1.0,0.0,0.2,100000.0,0.03758,16842626.0,0.0,39709.20073223114,2.0,4.0,28
2025_07_01_04_24_08_201850,20.0,10.0,1.0,0.0,0.2,100000.0,0.02292,16842642.0,0.0,38801.9589304924,3.0,4.0,28
2025_07_01_04_29_24_647560,200.0,10.0,1.0,0.0,0.2,100000.0,0.15476,16842709.0,0.0,21608.903656721115,0.0,4.0,28
2025_07_01_04_33_56_795996,150.0,10.0,1.0,0.0,0.2,100000.0,0.02112,16842702.0,0.0,24586.26121926308,3.0,4.0,28
2025_07_01_04_36_59_494418,10.0,10.0,1.0,0.0,0.2,100000.0,0.05315,16842624.0,0.0,40928.60281872749,1.0,3.0,28
2025_07_01_04_37_23_846197,15.0,10.0,1.0,0.0,0.2,100000.0,0.05634,16842635.0,0.0,40224.70118546486,2.0,2.0,28
2025_07_01_04_42_52_136237,200.0,10.0,1.0,0.0,0.2,100000.0,0.14454,16842708.0,0.0,22415.569152355198,0.0,3.0,28
2025_07_01_04_46_47_474440,150.0,10.0,1.0,0.0,0.2,100000.0,0.02078,16842703.0,0.0,25115.046976327896,3.0,3.0,28
2025_07_01_04_49_19_374667,100.0,10.0,1.0,0.0,0.2,100000.0,0.01918,16842701.0,0.0,26277.903832435608,3.0,4.0,28
2025_07_01_05_33_36_440348,200.0,10.0,1.0,0.0,0.2,100000.0,0.05943,16842710.0,0.0,25461.585522651672,1.0,2.0,28
2025_07_01_05_36_53_270232,350.0,10.0,1.0,0.0,0.2,100000.0,0.13367,16842715.0,0.0,24302.573234796524,0.0,3.0,28
2025_07_01_05_40_28_392869,500.0,10.0,1.0,0.0,0.2,100000.0,0.18311,16842727.0,0.0,21488.4684677124,0.0,2.0,28
2025_07_01_05_41_06_780062,350.0,10.0,1.0,0.0,0.2,100000.0,0.1785,16842716.0,0.0,24555.559499025345,0.0,2.0,28
2025_07_01_06_02_39_936468,350.0,10.0,1.0,0.0,0.2,100000.0,0.16307,16842723.0,0.0,25002.10877394676,0.0,4.0,28
2025_07_01_06_10_34_075511,100.0,10.0,1.0,0.0,0.2,100000.0,0.02214,16842706.0,0.0,28661.367065906525,3.0,3.0,28
2025_07_01_06_11_11_776052,350.0,10.0,1.0,0.0,0.2,100000.0,0.05604,16842720.0,0.0,26362.095682621,1.0,2.0,28
2025_07_01_06_14_52_725767,200.0,10.0,1.0,0.0,0.2,100000.0,0.05907,16842712.0,0.0,26583.683593273163,1.0,4.0,28
2025_07_01_06_17_14_765681,200.0,10.0,1.0,0.0,0.2,100000.0,0.02008,16842719.0,0.0,26724.121126174927,3.0,4.0,28
2025_07_01_06_25_24_170526,200.0,10.0,1.0,0.0,0.2,100000.0,0.02044,16842714.0,0.0,27211.74214076996,3.0,3.0,28
2025_07_01_06_28_57_420059,350.0,10.0,1.0,0.0,0.2,100000.0,0.0183,16842722.0,0.0,26876.080129146576,3.0,3.0,28
2025_07_01_06_29_24_228895,200.0,10.0,1.0,0.0,0.2,100000.0,0.05505,16842711.0,0.0,27754.45050740242,1.0,3.0,28
2025_07_01_06_29_46_006719,200.0,10.0,1.0,0.0,0.2,100000.0,0.01841,16842717.0,0.0,27476.83876299858,3.0,2.0,28
2025_07_01_06_34_32_603414,150.0,10.0,1.0,0.0,0.2,100000.0,0.0347,16842707.0,0.0,29356.289390087128,2.0,2.0,28
2025_07_01_06_43_18_561950,200.0,10.0,1.0,0.0,0.2,100000.0,0.037,16842721.0,0.0,28112.82844567299,2.0,3.0,28
2025_07_01_06_43_31_773828,200.0,10.0,1.0,0.0,0.2,100000.0,0.04089,16842713.0,0.0,28300.777238845825,2.0,2.0,28
2025_07_01_06_59_25_303362,200.0,10.0,1.0,0.0,0.2,100000.0,0.03725,16842718.0,0.0,29256.357254981995,2.0,4.0,28
2025_07_01_07_19_05_450177,350.0,10.0,1.0,0.0,0.2,100000.0,0.05517,16842724.0,0.0,28311.612439632416,1.0,3.0,28
2025_07_01_07_22_55_165578,350.0,10.0,1.0,0.0,0.2,100000.0,0.05466,16842725.0,0.0,28397.79567694664,1.0,4.0,28
2025_07_01_07_40_49_407035,350.0,10.0,1.0,0.0,0.2,100000.0,0.03848,16842726.0,0.0,29422.00999188423,2.0,2.0,28
2025_07_01_07_41_32_023082,500.0,10.0,1.0,0.0,0.2,100000.0,0.17186,16842730.0,0.0,28082.11926174164,0.0,4.0,28
2025_07_01_08_05_33_488399,500.0,10.0,1.0,0.0,0.2,100000.0,0.19174,16842731.0,0.0,28931.402292490005,0.0,3.0,28
2025_07_01_08_10_13_312196,350.0,10.0,1.0,0.0,0.2,100000.0,0.03201,16842728.0,0.0,30352.10281610489,2.0,4.0,28
2025_07_01_08_19_01_743852,350.0,10.0,1.0,0.0,0.2,100000.0,0.03004,16842729.0,0.0,30593.85212469101,2.0,3.0,28
2025_07_01_08_34_22_610941,500.0,10.0,1.0,0.0,0.2,100000.0,0.05428,16842732.0,0.0,30288.25434780121,1.0,4.0,28
2025_07_01_08_38_36_930009,750.0,10.0,1.0,0.0,0.2,100000.0,0.16674,16842739.0,0.0,30067.590774059296,0.0,2.0,28
2025_07_01_08_38_41_377811,750.0,10.0,1.0,0.0,0.2,100000.0,0.16737,16842742.0,0.0,30070.480296850204,0.0,4.0,28
2025_07_01_08_38_58_910750,750.0,10.0,1.0,0.0,0.2,100000.0,0.16,16842740.0,0.0,30085.14954471588,0.0,3.0,28
2025_07_01_08_51_41_452122,500.0,10.0,1.0,0.0,0.2,100000.0,0.01797,16842741.0,0.0,30849.80156469345,3.0,4.0,28
2025_07_01_08_51_44_778540,500.0,10.0,1.0,0.0,0.2,100000.0,0.05686,16842735.0,0.0,30851.27233242989,1.0,3.0,28
2025_07_01_08_51_48_549403,500.0,10.0,1.0,0.0,0.2,100000.0,0.05844,16842737.0,0.0,30858.114661455154,1.0,2.0,28
2025_07_01_08_55_22_090033,350.0,10.0,1.0,0.0,0.2,100000.0,0.01792,16842733.0,0.0,31262.237464666367,3.0,4.0,28
2025_07_01_09_02_02_975198,350.0,10.0,1.0,0.0,0.2,100000.0,0.02018,16842734.0,0.0,31474.09123325348,3.0,2.0,28
2025_07_01_09_03_10_817508,500.0,10.0,1.0,0.0,0.2,100000.0,0.03408,16842736.0,0.0,31541.7357814312,2.0,3.0,28
2025_07_01_09_03_41_582160,500.0,10.0,1.0,0.0,0.2,100000.0,0.0326,16842738.0,0.0,31572.67477107048,2.0,2.0,28
2025_07_01_09_05_28_250520,500.0,10.0,1.0,0.0,0.2,100000.0,0.02123,16842743.0,0.0,31332.706305742264,3.0,3.0,28
2025_07_01_09_05_58_742733,500.0,10.0,1.0,0.0,0.2,100000.0,0.01562,16842744.0,0.0,31363.056312561035,3.0,2.0,28
2025_07_01_09_08_29_035257,1000.0,10.0,1.0,0.0,0.2,100000.0,0.14872,16842754.0,0.0,31067.488512277603,0.0,3.0,28
2025_07_01_09_11_27_744972,1000.0,10.0,1.0,0.0,0.2,100000.0,0.1309,16842755.0,0.0,31123.256783485413,0.0,4.0,28
2025_07_01_09_13_36_872329,750.0,10.0,1.0,0.0,0.2,100000.0,0.05838,16842747.0,0.0,31373.468239545826,1.0,2.0,28
2025_07_01_09_13_42_107455,750.0,10.0,1.0,0.0,0.2,100000.0,0.01779,16842753.0,0.0,31379.16904687881,3.0,2.0,28
2025_07_01_09_13_53_970191,750.0,10.0,1.0,0.0,0.2,100000.0,0.05232,16842751.0,0.0,31391.791001558304,1.0,3.0,28
2025_07_01_09_14_10_529172,750.0,10.0,1.0,0.0,0.2,100000.0,0.05622,16842746.0,0.0,31408.96969461441,1.0,4.0,28
2025_07_01_09_14_16_665175,750.0,10.0,1.0,0.0,0.2,100000.0,0.02071,16842748.0,0.0,31412.78602170944,3.0,3.0,28
2025_07_01_09_22_44_132506,1000.0,10.0,1.0,0.0,0.2,100000.0,0.22999,16842759.0,0.0,31420.32363295555,0.0,2.0,28
2025_07_01_09_23_36_906907,750.0,10.0,1.0,0.0,0.2,100000.0,0.0252,16842752.0,0.0,31975.36652827263,2.0,2.0,28
2025_07_01_09_24_11_975145,750.0,10.0,1.0,0.0,0.2,100000.0,0.01725,16842749.0,0.0,32004.557861566544,2.0,4.0,28
2025_07_01_09_24_16_393814,750.0,10.0,1.0,0.0,0.2,100000.0,0.03055,16842750.0,0.0,32010.724610328674,2.0,3.0,28
2025_07_01_09_24_17_310864,750.0,10.0,1.0,0.0,0.2,100000.0,0.01515,16842756.0,0.0,31644.80409526825,3.0,4.0,28
2025_07_01_09_26_38_469427,1000.0,10.0,1.0,0.0,0.2,100000.0,0.02109,16842761.0,0.0,31654.542743206024,3.0,3.0,28
2025_07_01_09_26_47_392770,1000.0,10.0,1.0,0.0,0.2,100000.0,0.01857,16842764.0,0.0,31663.694996356964,3.0,2.0,28
2025_07_01_09_28_01_460572,1000.0,10.0,1.0,0.0,0.2,100000.0,0.05518,16842758.0,0.0,31735.03762102127,1.0,3.0,28
2025_07_01_09_28_11_631586,1000.0,10.0,1.0,0.0,0.2,100000.0,0.01913,16842766.0,0.0,31744.24245786667,3.0,4.0,28
2025_07_01_09_28_16_122242,1000.0,10.0,1.0,0.0,0.2,100000.0,0.05364,16842760.0,0.0,31750.681317090988,1.0,4.0,28
2025_07_01_09_28_20_861639,1000.0,10.0,1.0,0.0,0.2,100000.0,0.05565,16842762.0,0.0,31753.12683582306,1.0,2.0,28
2025_07_01_09_37_51_647125,500.0,10.0,1.0,0.0,0.2,100000.0,0.02746,16842745.0,0.0,32926.45150566101,2.0,4.0,28
2025_07_01_09_42_35_981315,1000.0,10.0,1.0,0.0,0.2,100000.0,0.02991,16842763.0,0.0,32608.218277454376,2.0,3.0,28
2025_07_01_09_42_39_141806,1000.0,10.0,1.0,0.0,0.2,100000.0,0.02467,16842765.0,0.0,32611.436403989792,2.0,4.0,28
2025_07_01_09_43_09_424644,1000.0,10.0,1.0,0.0,0.2,100000.0,0.02555,16842757.0,0.0,32645.71967339516,2.0,2.0,28
2025_07_01_09_54_10_834398,1500.0,10.0,1.0,0.0,0.2,100000.0,0.05728,16842767.0,0.0,32758.290511369705,1.0,4.0,28
2025_07_01_09_55_11_564561,2000.0,10.0,1.0,0.0,0.2,100000.0,0.17176,16842775.0,0.0,32679.88925600052,0.0,4.0,28
2025_07_01_09_55_14_193259,1500.0,10.0,1.0,0.0,0.2,100000.0,0.12197,16842771.0,0.0,32681.55018901825,0.0,4.0,28
2025_07_01_09_55_36_411541,1500.0,10.0,1.0,0.0,0.2,100000.0,0.18075,16842770.0,0.0,32704.792907476425,0.0,3.0,28
2025_07_01_09_55_39_211182,1500.0,10.0,1.0,0.0,0.2,100000.0,0.17176,16842772.0,0.0,32706.823010206223,0.0,2.0,28
2025_07_01_09_57_38_696519,1500.0,10.0,1.0,0.0,0.2,100000.0,0.04648,16842768.0,0.0,32823.78086066246,1.0,2.0,28
2025_07_01_09_57_49_018982,1500.0,10.0,1.0,0.0,0.2,100000.0,0.01732,16842774.0,0.0,32832.09277415276,3.0,4.0,28
2025_07_01_09_58_01_116847,1500.0,10.0,1.0,0.0,0.2,100000.0,0.05429,16842769.0,0.0,32850.22639489174,1.0,3.0,28
2025_07_01_10_04_36_650164,1500.0,10.0,1.0,0.0,0.2,100000.0,0.01785,16842773.0,0.0,33243.95263671875,2.0,4.0,28
2025_07_01_10_05_20_665746,2000.0,10.0,1.0,0.0,0.2,100000.0,0.15756,16842781.0,0.0,33085.51166844368,0.0,2.0,28
2025_07_01_10_05_23_302986,2000.0,10.0,1.0,0.0,0.2,100000.0,0.19036,16842780.0,0.0,33087.25791788101,0.0,3.0,28
2025_07_01_10_07_02_124753,2000.0,10.0,1.0,0.0,0.2,100000.0,0.04977,16842784.0,0.0,33189.4509267807,1.0,3.0,28
2025_07_01_10_07_06_925781,2000.0,10.0,1.0,0.0,0.2,100000.0,0.05379,16842779.0,0.0,33190.32253432274,1.0,2.0,28
2025_07_01_10_07_28_457019,1500.0,10.0,1.0,0.0,0.2,100000.0,0.01546,16842777.0,0.0,33212.375249385834,3.0,3.0,28
2025_07_01_10_07_36_099479,1500.0,10.0,1.0,0.0,0.2,100000.0,0.01685,16842782.0,0.0,33224.1351878643,3.0,2.0,28
2025_07_01_10_09_17_671576,2000.0,10.0,1.0,0.0,0.2,100000.0,0.02519,16842783.0,0.0,33325.72707605362,2.0,4.0,28
2025_07_01_10_11_05_503992,1500.0,10.0,1.0,0.0,0.2,100000.0,0.01589,16842776.0,0.0,33432.53449201584,2.0,2.0,28
2025_07_01_10_11_13_342653,1500.0,10.0,1.0,0.0,0.2,100000.0,0.02888,16842778.0,0.0,33441.37822318077,2.0,3.0,28
2025_07_01_10_13_45_685744,2000.0,10.0,1.0,0.0,0.2,100000.0,0.05206,16842785.0,0.0,33388.54306912422,1.0,4.0,28
2025_07_01_10_17_35_135791,2000.0,10.0,1.0,0.0,0.2,100000.0,0.03421,16842786.0,0.0,33616.50861907005,2.0,2.0,28
2025_07_01_10_38_40_854584,3500.0,10.0,1.0,0.0,0.2,100000.0,0.1586,16842794.0,0.0,34429.39073705673,0.0,3.0,28
2025_07_01_10_38_48_253297,3500.0,10.0,1.0,0.0,0.2,100000.0,0.15448,16842788.0,0.0,34436.69648194313,0.0,2.0,28
2025_07_01_10_38_55_669009,3500.0,10.0,1.0,0.0,0.2,100000.0,0.15514,16842793.0,0.0,34445.34225201607,0.0,4.0,28
2025_07_01_10_39_50_075795,2000.0,10.0,1.0,0.0,0.2,100000.0,0.01788,16842789.0,0.0,34500.637150764465,3.0,2.0,28
2025_07_01_10_39_50_192603,3500.0,10.0,1.0,0.0,0.2,100000.0,0.04264,16842791.0,0.0,34498.71921753883,1.0,3.0,28
2025_07_01_10_40_31_199894,2000.0,10.0,1.0,0.0,0.2,100000.0,0.01651,16842792.0,0.0,34541.07989215851,3.0,4.0,28
2025_07_01_10_40_37_338725,3500.0,10.0,1.0,0.0,0.2,100000.0,0.03895,16842795.0,0.0,34516.111364364624,1.0,2.0,28
2025_07_01_10_40_41_284297,2000.0,10.0,1.0,0.0,0.2,100000.0,0.01817,16842790.0,0.0,34552.31573820114,3.0,3.0,28
2025_07_01_10_43_51_694873,2000.0,10.0,1.0,0.0,0.2,100000.0,0.01851,16842787.0,0.0,34743.00216150284,2.0,3.0,28
2025_07_01_10_49_03_259235,3500.0,10.0,1.0,0.0,0.2,100000.0,0.01614,16842796.0,0.0,34870.500207901,2.0,2.0,28
2025_07_01_10_50_30_617540,3500.0,10.0,1.0,0.0,0.2,100000.0,0.0412,16842797.0,0.0,34823.924619436264,1.0,4.0,28
2025_07_01_11_00_16_149941,3500.0,10.0,1.0,0.0,0.2,100000.0,0.0135,16842798.0,0.0,35198.08029437065,3.0,3.0,28
2025_07_01_11_00_51_665616,5000.0,10.0,1.0,0.0,0.2,100000.0,0.20015,16842799.0,0.0,35175.599501132965,0.0,3.0,28
2025_07_01_11_18_29_239449,5000.0,10.0,1.0,0.0,0.2,100000.0,0.14189,16842803.0,0.0,35987.79685163498,0.0,2.0,28
2025_07_01_11_19_59_881972,5000.0,10.0,1.0,0.0,0.2,100000.0,0.18385,16842800.0,0.0,36078.56948041916,0.0,4.0,28
2025_07_01_11_20_02_054948,5000.0,10.0,1.0,0.0,0.2,100000.0,0.04407,16842802.0,0.0,36079.50406312943,1.0,3.0,28
2025_07_01_11_20_03_341347,5000.0,10.0,1.0,0.0,0.2,100000.0,0.01374,16842807.0,0.0,36078.99076318741,3.0,3.0,28
2025_07_01_11_20_25_021371,3500.0,10.0,1.0,0.0,0.2,100000.0,0.01229,16842801.0,0.0,36100.085007190704,3.0,4.0,28
2025_07_01_11_21_15_020009,5000.0,10.0,1.0,0.0,0.2,100000.0,0.01268,16842806.0,0.0,36153.64163374901,2.0,4.0,28
2025_07_01_11_22_06_914990,5000.0,10.0,1.0,0.0,0.2,100000.0,0.01884,16842804.0,0.0,36205.483617544174,2.0,3.0,28
2025_07_01_11_25_11_718231,3500.0,10.0,1.0,0.0,0.2,100000.0,0.0177,16842805.0,0.0,36390.530467271805,2.0,3.0,28
2025_07_01_11_32_14_995755,5000.0,10.0,1.0,0.0,0.2,100000.0,0.01428,16842808.0,0.0,36678.84874010086,2.0,2.0,28
2025_07_01_11_42_14_451027,3500.0,10.0,1.0,0.0,0.2,100000.0,0.0169,16842809.0,0.0,36863.60484576225,3.0,2.0,28
2025_07_01_11_52_53_333474,5000.0,10.0,1.0,0.0,0.2,100000.0,0.01386,16842810.0,0.0,37160.904572725296,3.0,4.0,28
2025_07_01_12_02_20_840936,5000.0,10.0,1.0,0.0,0.2,100000.0,0.03708,16842811.0,0.0,37411.50127315521,1.0,2.0,28
2025_07_01_12_04_13_525025,5000.0,10.0,1.0,0.0,0.2,100000.0,0.03589,16842812.0,0.0,37427.75109624863,1.0,4.0,28
2025_07_01_12_09_02_360673,5000.0,10.0,1.0,0.0,0.2,100000.0,0.01265,16842814.0,0.0,37588.99751257896,3.0,2.0,28
2025_07_01_12_21_28_330646,3500.0,10.0,1.0,0.0,0.2,100000.0,0.01353,16842813.0,0.0,38429.48804831505,2.0,4.0,28
2025_07_08_01_04_35_985240,35.0,10.0,1.0,0.0,0.2,200000.0,0.140525,16875141.0,0.0,42703.27566957474,0.0,1.0,28
2025_07_08_01_24_13_846433,200.0,10.0,1.0,0.0,0.2,200000.0,0.177835,16875188.0,0.0,39604.96356296539,0.0,1.0,28
2025_07_08_02_15_01_217310,500.0,10.0,1.0,0.0,0.2,200000.0,0.05484,16875202.0,0.0,40789.1159157753,1.0,1.0,28
2025_07_08_02_20_14_631896,350.0,10.0,1.0,0.0,0.2,200000.0,0.05562,16875194.0,0.0,41715.19152641296,1.0,1.0,28
2025_07_08_02_24_05_938204,350.0,10.0,1.0,0.0,0.2,200000.0,0.02447,16875205.0,0.0,40984.612033844,3.0,1.0,28
2025_07_08_02_31_49_320225,500.0,10.0,1.0,0.0,0.2,200000.0,0.024975,16875212.0,0.0,40679.16129279137,2.0,1.0,28
2025_07_08_02_41_24_464504,200.0,10.0,1.0,0.0,0.2,200000.0,0.059845,16875197.0,0.0,42680.45092391968,1.0,1.0,28
2025_07_08_02_41_30_070725,200.0,10.0,1.0,0.0,0.2,200000.0,0.024025,16875196.0,0.0,42711.75706386566,3.0,1.0,28
2025_07_08_04_40_52_251158,5000.0,10.0,1.0,0.0,0.2,200000.0,0.03637,16875256.0,0.0,36335.49615740776,1.0,1.0,28
2025_07_08_04_51_41_529433,5000.0,10.0,1.0,0.0,0.2,200000.0,0.01389,16875258.0,0.0,36955.91970252991,2.0,1.0,28
2025_07_08_05_03_31_147183,5000.0,10.0,1.0,0.0,0.2,200000.0,0.166385,16875251.0,0.0,43215.558210134506,0.0,1.0,28
2025_07_08_05_03_40_354820,5000.0,10.0,1.0,0.0,0.2,200000.0,0.013905,16875253.0,0.0,43224.79560351372,3.0,1.0,28
2025_07_08_16_34_46_272373,5000.0,10.0,1.0,0.0,0.2,500000.0,0.035324,16884144.0,0.0,11835.863681316376,1.0,1.0,28
2025_07_08_16_34_46_346598,5000.0,10.0,1.0,0.0,0.2,500000.0,0.014056,16884143.0,0.0,12292.53380894661,2.0,1.0,28
2025_07_08_16_34_46_789880,5000.0,10.0,1.0,0.0,0.2,200000.0,0.01389,16884142.0,0.0,4735.122612714768,2.0,1.0,28
2025_07_08_16_34_47_457634,5000.0,10.0,1.0,0.0,0.2,200000.0,0.013905,16884145.0,0.0,4652.665797948837,3.0,1.0,28
2025_07_08_16_38_49_779152,5000.0,10.0,1.0,0.0,0.2,500000.0,0.1698774002724438,16884146.0,0.0,10594.293834209442,0.0,1.0,28
2025_07_08_16_59_35_561909,5000.0,10.0,1.0,0.0,0.2,200000.0,0.03637,16884147.0,0.0,4350.711952209473,1.0,1.0,28
2025_07_08_16_59_35_561944,5000.0,10.0,1.0,0.0,0.2,200000.0,0.166385,16884148.0,0.0,4224.7671999931335,0.0,1.0,28
2025_07_08_17_07_37_825441,5000.0,10.0,1.0,0.0,0.2,500000.0,0.014696,16884150.0,0.0,11763.29291510582,3.0,1.0,28
2025_07_08_18_04_48_344998,5.0,10.0,1.0,0.0,0.2,500000.0,0.0594588108237835,16884762.0,0.0,42976.13632822037,2.0,1.0,28
2025_07_08_18_04_48_346556,5.0,10.0,1.0,0.0,0.2,500000.0,0.0619705432779531,16884763.0,0.0,43173.8093829155,1.0,1.0,28
2025_07_08_18_04_48_479201,5.0,10.0,1.0,0.0,0.2,200000.0,0.0594588108237835,16884764.0,0.0,42724.01153755188,2.0,1.0,28
2025_07_08_18_30_18_815147,10.0,10.0,1.0,0.0,0.2,500000.0,0.0621149068084091,16884765.0,0.0,39737.162858724594,1.0,1.0,28
2025_07_08_18_42_16_053761,5.0,10.0,1.0,0.0,0.2,200000.0,0.13616,16884766.0,0.0,22163.98804998398,0.0,1.0,28
2025_07_08_18_49_58_501321,10.0,10.0,1.0,0.0,0.2,500000.0,0.1428869300278084,16884767.0,0.0,27736.145179271694,0.0,1.0,28
2025_07_08_19_09_31_402166,10.0,10.0,1.0,0.0,0.2,200000.0,0.143195,16884769.0,0.0,11211.699579000471,0.0,1.0,28
2025_07_08_19_09_32_061190,5.0,10.0,1.0,0.0,0.2,200000.0,0.0237662705621573,16884768.0,0.0,37343.54837226868,3.0,1.0,28
2025_07_08_19_25_18_778246,5.0,10.0,1.0,0.0,0.2,500000.0,0.0237662705621573,16884771.0,0.0,37634.9832971096,3.0,1.0,28
2025_07_08_19_25_18_858189,5.0,10.0,1.0,0.0,0.2,500000.0,0.1353496019129355,16884770.0,0.0,41953.33956813812,0.0,1.0,28
2025_07_08_19_41_37_460349,15.0,10.0,1.0,0.0,0.2,200000.0,0.0620163221315437,16884775.0,0.0,40673.34420323372,1.0,1.0,28
2025_07_08_19_41_37_483960,10.0,10.0,1.0,0.0,0.2,200000.0,0.0621149068084091,16884772.0,0.0,41124.39784669876,1.0,1.0,28
2025_07_08_19_41_37_852525,10.0,10.0,1.0,0.0,0.2,200000.0,0.0702792972070279,16884774.0,0.0,42636.33653950691,2.0,1.0,28
2025_07_08_19_41_38_630752,5.0,10.0,1.0,0.0,0.2,200000.0,0.0609989833502774,16884773.0,0.0,38159.90763282776,1.0,1.0,28
2025_07_08_19_58_49_463609,10.0,10.0,1.0,0.0,0.2,500000.0,0.0702792972070279,16884776.0,0.0,42868.3818731308,2.0,1.0,28
2025_07_08_20_25_49_503301,10.0,10.0,1.0,0.0,0.2,200000.0,0.0291569345933243,16884777.0,0.0,43260.38141584396,3.0,1.0,28
2025_07_08_20_25_53_327262,15.0,10.0,1.0,0.0,0.2,200000.0,0.0257387458958561,16884780.0,0.0,42563.81226229668,3.0,1.0,28
2025_07_08_20_25_53_699336,10.0,10.0,1.0,0.0,0.2,500000.0,0.0287613172206367,16884778.0,0.0,42676.56318974495,3.0,1.0,28
2025_07_08_20_25_53_843740,15.0,10.0,1.0,0.0,0.2,200000.0,0.139825,16884779.0,0.0,9208.478017568588,0.0,1.0,28
2025_07_08_20_28_56_500628,20.0,10.0,1.0,0.0,0.2,500000.0,0.0461526696901782,16884782.0,0.0,40591.93958282471,2.0,1.0,28
2025_07_08_20_28_56_620277,15.0,10.0,1.0,0.0,0.2,500000.0,0.0260598262678248,16884781.0,0.0,40492.40796494484,3.0,1.0,28
2025_07_08_20_28_56_757837,15.0,10.0,1.0,0.0,0.2,500000.0,0.1389060874338565,16884784.0,0.0,22454.01510047913,0.0,1.0,28
2025_07_08_20_41_32_644948,15.0,10.0,1.0,0.0,0.2,200000.0,0.0590924350540353,16884785.0,0.0,41429.473420619965,2.0,1.0,28
2025_07_08_20_41_34_686152,20.0,10.0,1.0,0.0,0.2,200000.0,0.135195,16884787.0,0.0,7449.377480983734,0.0,1.0,28
2025_07_08_20_41_34_884749,15.0,10.0,1.0,0.0,0.2,500000.0,0.0622466926665137,16884786.0,0.0,40159.68169593811,1.0,1.0,28
2025_07_08_21_18_12_542879,20.0,10.0,1.0,0.0,0.2,500000.0,0.0262284465312069,16884790.0,0.0,40495.05997109413,3.0,1.0,28
2025_07_08_21_18_12_595734,20.0,10.0,1.0,0.0,0.2,200000.0,0.063,16884791.0,0.0,37068.923427820206,1.0,1.0,28
2025_07_08_21_18_12_639656,20.0,10.0,1.0,0.0,0.2,200000.0,0.02609,16884789.0,0.0,37139.22507452965,3.0,1.0,28
2025_07_08_21_18_12_701653,15.0,10.0,1.0,0.0,0.2,500000.0,0.0596226182875516,16884788.0,0.0,40908.394407749176,2.0,1.0,28
2025_07_08_22_46_55_201378,35.0,10.0,1.0,0.0,0.2,200000.0,0.140525,16884792.0,0.0,6002.894974946976,0.0,1.0,28
2025_07_08_22_56_05_436863,20.0,10.0,1.0,0.0,0.2,500000.0,0.1401273614311459,16884793.0,0.0,20347.05774998665,0.0,1.0,28
2025_07_08_22_57_36_744048,20.0,10.0,1.0,0.0,0.2,500000.0,0.0626838806111546,16884794.0,0.0,41973.24643659592,1.0,1.0,28
2025_07_08_23_05_45_417497,20.0,10.0,1.0,0.0,0.2,200000.0,0.0503782115842029,16884796.0,0.0,40028.37316918373,2.0,1.0,28
2025_07_08_23_05_45_440626,35.0,10.0,1.0,0.0,0.2,200000.0,0.025585,16884795.0,0.0,21789.68637728691,3.0,1.0,28
2025_07_08_23_12_42_182155,50.0,10.0,1.0,0.0,0.2,200000.0,0.1392,16884797.0,0.0,5353.648971796036,0.0,1.0,28
2025_07_08_23_22_15_828920,50.0,10.0,1.0,0.0,0.2,500000.0,0.1439252256910091,16884798.0,0.0,13994.3106071949,0.0,1.0,28
2025_07_08_23_42_47_315707,35.0,10.0,1.0,0.0,0.2,500000.0,0.1398975746860113,16884799.0,0.0,16594.010307073593,0.0,1.0,28
2025_07_08_23_58_24_892406,50.0,10.0,1.0,0.0,0.2,500000.0,0.0613998194122958,16884800.0,0.0,42523.68281722069,1.0,1.0,28
2025_07_09_00_07_23_269354,35.0,10.0,1.0,0.0,0.2,200000.0,0.06218,16884801.0,0.0,24585.611322402958,1.0,1.0,28
2025_07_09_00_25_56_670594,35.0,10.0,1.0,0.0,0.2,500000.0,0.0455474021552278,16884802.0,0.0,40917.20175027847,2.0,1.0,28
2025_07_09_01_01_58_586910,50.0,10.0,1.0,0.0,0.2,200000.0,0.03776,16884803.0,0.0,29365.0104868412,2.0,1.0,28
2025_07_09_01_24_00_326556,50.0,10.0,1.0,0.0,0.2,200000.0,0.02579,16884804.0,0.0,21235.005334615707,3.0,1.0,28
2025_07_09_01_51_20_072765,35.0,10.0,1.0,0.0,0.2,200000.0,0.0458418639901895,16884805.0,0.0,41488.7252175808,2.0,1.0,28
2025_07_09_01_56_31_433613,35.0,10.0,1.0,0.0,0.2,500000.0,0.0257868444050243,16884806.0,0.0,41890.40819478035,3.0,1.0,28
2025_07_09_01_57_38_043921,75.0,10.0,1.0,0.0,0.2,200000.0,0.14318,16884807.0,0.0,6096.419667959213,0.0,1.0,28
2025_07_09_02_23_34_519834,75.0,10.0,1.0,0.0,0.2,500000.0,0.1440337360984338,16884808.0,0.0,31353.46419358253,0.0,1.0,28
2025_07_09_02_24_43_850102,50.0,10.0,1.0,0.0,0.2,500000.0,0.0256075938169468,16884810.0,0.0,41554.45295739174,3.0,1.0,28
2025_07_09_02_42_23_678206,35.0,10.0,1.0,0.0,0.2,500000.0,0.0618385453414147,16884811.0,0.0,42710.74500608444,1.0,1.0,28
2025_07_09_02_43_58_834768,50.0,10.0,1.0,0.0,0.2,500000.0,0.0401553324703751,16884812.0,0.0,40747.00465917587,2.0,1.0,28
2025_07_09_02_44_00_210508,75.0,10.0,1.0,0.0,0.2,500000.0,0.0603342747093975,16884813.0,0.0,41687.00875425339,1.0,1.0,28
2025_07_09_02_50_41_685352,75.0,10.0,1.0,0.0,0.2,200000.0,0.05944,16884814.0,0.0,30223.05972623825,1.0,1.0,28
2025_07_09_02_52_56_243689,100.0,10.0,1.0,0.0,0.2,500000.0,0.1881623531108067,16884815.0,0.0,42809.04731965065,0.0,1.0,28
2025_07_09_02_53_56_526755,75.0,10.0,1.0,0.0,0.2,500000.0,0.0296635015295385,16884816.0,0.0,42953.89609384537,2.0,1.0,28
2025_07_09_02_55_09_858106,50.0,10.0,1.0,0.0,0.2,200000.0,0.060045,16884817.0,0.0,38219.25917553902,1.0,1.0,28
2025_07_09_02_56_13_387167,75.0,10.0,1.0,0.0,0.2,200000.0,0.023985,16884818.0,0.0,31628.50793647766,3.0,1.0,28
2025_07_09_02_57_17_970199,75.0,10.0,1.0,0.0,0.2,500000.0,0.024503901984392,16884820.0,0.0,42966.7173974514,3.0,1.0,28
2025_07_09_02_57_18_005576,100.0,10.0,1.0,0.0,0.2,200000.0,0.15887,16884821.0,0.0,8385.867612600327,0.0,1.0,28
2025_07_09_02_59_27_272272,150.0,10.0,1.0,0.0,0.2,200000.0,0.172175,16884823.0,0.0,8328.97516655922,0.0,1.0,28
2025_07_09_02_59_27_757038,75.0,10.0,1.0,0.0,0.2,200000.0,0.03067,16884822.0,0.0,39431.96880698204,2.0,1.0,28
2025_07_09_03_01_29_536057,150.0,10.0,1.0,0.0,0.2,200000.0,0.062965,16884824.0,0.0,13078.903526067734,1.0,1.0,28
2025_07_09_03_03_18_655755,150.0,10.0,1.0,0.0,0.2,500000.0,0.1952304875464582,16884826.0,0.0,42577.95801615715,0.0,1.0,28
2025_07_09_03_03_18_689522,100.0,10.0,1.0,0.0,0.2,500000.0,0.0263591616327346,16884825.0,0.0,42696.23620700836,3.0,1.0,28
2025_07_09_03_04_35_305902,100.0,10.0,1.0,0.0,0.2,500000.0,0.0317216012104295,16884827.0,0.0,41838.02937555313,2.0,1.0,28
2025_07_09_03_54_27_612358,100.0,10.0,1.0,0.0,0.2,200000.0,0.033025,16884828.0,0.0,29054.20778465271,2.0,1.0,28
2025_07_09_04_43_57_385281,100.0,10.0,1.0,0.0,0.2,200000.0,0.06141,16884829.0,0.0,29558.700736284256,1.0,1.0,28
2025_07_09_05_18_58_637230,100.0,10.0,1.0,0.0,0.2,500000.0,0.061004471407279,16884830.0,0.0,43235.4944794178,1.0,1.0,28
2025_07_09_05_18_59_837944,100.0,10.0,1.0,0.0,0.2,200000.0,0.02625,16884832.0,0.0,34066.62656164169,3.0,1.0,28
2025_07_09_05_18_59_840402,150.0,10.0,1.0,0.0,0.2,200000.0,0.03158,16884833.0,0.0,33865.82609796524,2.0,1.0,28
2025_07_09_05_19_31_554432,150.0,10.0,1.0,0.0,0.2,500000.0,0.0623997163649256,16884834.0,0.0,42238.70161652565,1.0,1.0,28
2025_07_09_05_19_54_794677,150.0,10.0,1.0,0.0,0.2,500000.0,0.024154435661656,16884835.0,0.0,41375.456322193146,3.0,1.0,28
2025_07_09_05_21_40_608651,150.0,10.0,1.0,0.0,0.2,500000.0,0.0315798421007895,16884838.0,0.0,41984.02861356735,2.0,1.0,28
2025_07_09_05_21_41_291270,150.0,10.0,1.0,0.0,0.2,200000.0,0.02454,16884836.0,0.0,36618.225225925446,3.0,1.0,28
2025_07_09_05_23_15_446930,200.0,10.0,1.0,0.0,0.2,200000.0,0.177835,16884839.0,0.0,31015.412494659424,0.0,1.0,28
2025_07_09_05_23_15_556589,200.0,10.0,1.0,0.0,0.2,500000.0,0.2481185544562759,16884840.0,0.0,42946.07851648331,0.0,1.0,28
2025_07_09_05_23_48_988830,200.0,10.0,1.0,0.0,0.2,500000.0,0.0600330831954866,16884841.0,0.0,43101.39266586304,1.0,1.0,28
2025_07_09_05_25_28_956515,200.0,10.0,1.0,0.0,0.2,200000.0,0.039035,16884842.0,0.0,38441.18481659889,2.0,1.0,28
2025_07_09_05_29_49_216851,350.0,10.0,1.0,0.0,0.2,200000.0,0.221685,16884843.0,0.0,32302.33944249153,0.0,1.0,28
2025_07_09_05_29_49_296152,200.0,10.0,1.0,0.0,0.2,200000.0,0.059845,16884844.0,0.0,35753.32277917862,1.0,1.0,28
2025_07_09_05_31_57_164000,200.0,10.0,1.0,0.0,0.2,500000.0,0.0380236284589121,16884845.0,0.0,41769.74066400528,2.0,1.0,28
2025_07_09_05_32_45_305503,350.0,10.0,1.0,0.0,0.2,500000.0,0.2457452086722743,16884846.0,0.0,41978.43376541138,0.0,1.0,28
2025_07_09_05_34_31_145401,350.0,10.0,1.0,0.0,0.2,200000.0,0.05562,16884847.0,0.0,34532.659219026566,1.0,1.0,28
2025_07_09_05_34_32_365644,200.0,10.0,1.0,0.0,0.2,500000.0,0.0244147243899096,16884848.0,0.0,42719.54902458191,3.0,1.0,28
2025_07_09_05_35_01_003937,500.0,10.0,1.0,0.0,0.2,200000.0,0.13123,16884849.0,0.0,33184.97729468346,0.0,1.0,28
2025_07_09_05_36_18_679674,350.0,10.0,1.0,0.0,0.2,500000.0,0.0244303285637888,16884850.0,0.0,41798.36409282684,3.0,1.0,28
2025_07_09_05_36_50_375983,200.0,10.0,1.0,0.0,0.2,200000.0,0.024025,16884852.0,0.0,35767.45178055763,3.0,1.0,28
2025_07_09_05_39_32_059979,350.0,10.0,1.0,0.0,0.2,500000.0,0.0570584239364691,16884853.0,0.0,42291.884563207626,1.0,1.0,28
2025_07_09_05_40_30_299281,500.0,10.0,1.0,0.0,0.2,500000.0,0.0243042421554688,16884854.0,0.0,42387.33985066414,2.0,1.0,28
2025_07_09_05_42_43_477990,350.0,10.0,1.0,0.0,0.2,500000.0,0.02347848757683,16884855.0,0.0,43180.13719367981,2.0,1.0,28
2025_07_09_05_45_21_135755,500.0,10.0,1.0,0.0,0.2,200000.0,0.02323,16884856.0,0.0,34310.713329553604,3.0,1.0,28
2025_07_09_05_46_12_751901,350.0,10.0,1.0,0.0,0.2,200000.0,0.02447,16884857.0,0.0,35488.73216056824,3.0,1.0,28
2025_07_09_05_48_25_243396,500.0,10.0,1.0,0.0,0.2,200000.0,0.024975,16884859.0,0.0,31879.182542324063,2.0,1.0,28
2025_07_09_05_49_31_410845,500.0,10.0,1.0,0.0,0.2,500000.0,0.0233679065283738,16884860.0,0.0,43052.246013879776,3.0,1.0,28
2025_07_09_05_51_11_992026,750.0,10.0,1.0,0.0,0.2,200000.0,0.02488,16884861.0,0.0,35474.933725595474,2.0,1.0,28
2025_07_09_05_51_37_425696,500.0,10.0,1.0,0.0,0.2,500000.0,0.0562437750248999,16884862.0,0.0,43040.877765893936,1.0,1.0,28
2025_07_09_05_52_54_388826,750.0,10.0,1.0,0.0,0.2,200000.0,0.20375,16884863.0,0.0,28102.32472848892,0.0,1.0,28
2025_07_09_05_53_14_605459,750.0,10.0,1.0,0.0,0.2,500000.0,0.0229039083843664,16884864.0,0.0,42973.18218231201,2.0,1.0,28
2025_07_09_05_58_06_298815,350.0,10.0,1.0,0.0,0.2,200000.0,0.02764,16884865.0,0.0,39229.5791053772,2.0,1.0,28
2025_07_09_06_03_35_200987,750.0,10.0,1.0,0.0,0.2,200000.0,0.055995,16884866.0,0.0,34986.215780973434,1.0,1.0,28
2025_07_09_06_03_57_450896,750.0,10.0,1.0,0.0,0.2,200000.0,0.0209,16884867.0,0.0,34781.5660507679,3.0,1.0,28
2025_07_09_06_03_57_494369,500.0,10.0,1.0,0.0,0.2,500000.0,0.1490367170379513,16884868.0,0.0,43218.795427799225,0.0,1.0,28
2025_07_09_06_07_22_768855,500.0,10.0,1.0,0.0,0.2,200000.0,0.05484,16884869.0,0.0,35527.179316043854,1.0,1.0,28
2025_07_09_06_11_05_033868,750.0,10.0,1.0,0.0,0.2,500000.0,0.198822670591098,16884870.0,0.0,43030.52162337303,0.0,1.0,28
2025_07_09_06_19_15_334852,750.0,10.0,1.0,0.0,0.2,500000.0,0.057446475178416,16884871.0,0.0,43035.00515246391,1.0,1.0,28
2025_07_09_06_24_16_494419,1000.0,10.0,1.0,0.0,0.2,500000.0,0.0576623198052506,16884872.0,0.0,43227.93084144592,1.0,1.0,28
2025_07_09_06_26_32_369192,750.0,10.0,1.0,0.0,0.2,500000.0,0.0207280602248117,16884873.0,0.0,43067.83416867256,3.0,1.0,28
2025_07_09_06_40_33_949223,1000.0,10.0,1.0,0.0,0.2,500000.0,0.1236158821192375,16884874.0,0.0,43210.187856435776,0.0,1.0,28
2025_07_09_06_41_44_463036,1000.0,10.0,1.0,0.0,0.2,200000.0,0.057245,16884875.0,0.0,28521.81415295601,1.0,1.0,28
2025_07_09_06_47_44_287385,1000.0,10.0,1.0,0.0,0.2,500000.0,0.0216713666532381,16884876.0,0.0,43129.913925647736,2.0,1.0,28
2025_07_09_06_49_49_664613,1000.0,10.0,1.0,0.0,0.2,200000.0,0.02515,16884877.0,0.0,36174.51627612114,2.0,1.0,28
2025_07_09_06_54_11_483914,1500.0,10.0,1.0,0.0,0.2,200000.0,0.03729,16884878.0,0.0,34955.43040752411,1.0,1.0,28
2025_07_09_07_02_47_815369,1000.0,10.0,1.0,0.0,0.2,200000.0,0.021175,16884879.0,0.0,35604.811106443405,3.0,1.0,28
2025_07_09_07_02_48_015337,1000.0,10.0,1.0,0.0,0.2,200000.0,0.13481,16884880.0,0.0,34680.32128977776,0.0,1.0,28
2025_07_09_07_03_23_033617,1000.0,10.0,1.0,0.0,0.2,500000.0,0.0219025079422873,16884881.0,0.0,43251.94064235687,3.0,1.0,28
2025_07_09_07_11_03_165742,1500.0,10.0,1.0,0.0,0.2,200000.0,0.143835,16884882.0,0.0,27683.3127951622,0.0,1.0,28
2025_07_09_07_14_51_104140,1500.0,10.0,1.0,0.0,0.2,500000.0,0.0334212054867968,16884883.0,0.0,43102.55384898186,1.0,1.0,28
2025_07_09_07_15_48_800236,2000.0,10.0,1.0,0.0,0.2,200000.0,0.14939,16884884.0,0.0,34828.62902212143,0.0,1.0,28
2025_07_09_07_19_03_335424,1500.0,10.0,1.0,0.0,0.2,500000.0,0.021676138866336,16884888.0,0.0,43029.40474319458,3.0,1.0,28
2025_07_09_07_19_03_798629,2000.0,10.0,1.0,0.0,0.2,500000.0,0.0135511864605208,16884890.0,0.0,43045.372394800186,2.0,1.0,28
2025_07_09_07_19_04_613885,1500.0,10.0,1.0,0.0,0.2,200000.0,0.01902,16884886.0,0.0,36011.229392290115,2.0,1.0,28
2025_07_09_07_19_04_617132,2000.0,10.0,1.0,0.0,0.2,500000.0,0.1388973514015083,16884887.0,0.0,43022.79219222069,0.0,1.0,28
2025_07_09_07_19_05_133605,1500.0,10.0,1.0,0.0,0.2,200000.0,0.021425,16884889.0,0.0,35513.662140607834,3.0,1.0,28
2025_07_09_07_19_05_491156,1500.0,10.0,1.0,0.0,0.2,500000.0,0.1310769748250572,16884885.0,0.0,43147.637729644775,0.0,1.0,28
2025_07_09_07_25_18_440288,1500.0,10.0,1.0,0.0,0.2,500000.0,0.0129130154064882,16884891.0,0.0,43058.602871418,2.0,1.0,28
2025_07_09_07_27_15_999595,2000.0,10.0,1.0,0.0,0.2,200000.0,0.04982,16884892.0,0.0,35152.874103069305,1.0,1.0,28
2025_07_09_07_28_31_903349,3500.0,10.0,1.0,0.0,0.2,200000.0,0.20928,16884893.0,0.0,27065.985429763798,0.0,1.0,28
2025_07_09_07_30_09_456936,3500.0,10.0,1.0,0.0,0.2,500000.0,0.2135613962823898,16884894.0,0.0,40563.82619690895,0.0,1.0,28
2025_07_09_07_37_52_480878,2000.0,10.0,1.0,0.0,0.2,500000.0,0.037946,16884895.0,0.0,42941.33220505714,1.0,1.0,28
2025_07_09_07_39_24_817474,2000.0,10.0,1.0,0.0,0.2,200000.0,0.019525,16884896.0,0.0,26770.915966510773,3.0,1.0,28
2025_07_09_07_42_08_966450,2000.0,10.0,1.0,0.0,0.2,200000.0,0.01949,16884897.0,0.0,35945.81646609306,2.0,1.0,28
2025_07_09_07_42_40_190002,3500.0,10.0,1.0,0.0,0.2,200000.0,0.03589,16884898.0,0.0,34544.85823059082,1.0,1.0,28
2025_07_09_07_43_42_844168,3500.0,10.0,1.0,0.0,0.2,500000.0,0.01522,16884899.0,0.0,42183.24000120163,3.0,1.0,28
2025_07_09_07_43_58_716103,3500.0,10.0,1.0,0.0,0.2,500000.0,0.0367603400826248,16884900.0,0.0,43051.58160686493,1.0,1.0,28
2025_07_09_07_45_45_865074,2000.0,10.0,1.0,0.0,0.2,500000.0,0.0199520417665796,16884901.0,0.0,43266.42021036148,3.0,1.0,28
2025_07_09_07_49_04_378256,3500.0,10.0,1.0,0.0,0.2,200000.0,0.014205,16884902.0,0.0,34984.82799458504,3.0,1.0,28
2025_07_09_07_56_15_927882,3500.0,10.0,1.0,0.0,0.2,200000.0,0.01941,16884903.0,0.0,35072.05574417114,2.0,1.0,28
2025_07_09_08_00_10_028370,3500.0,10.0,1.0,0.0,0.2,500000.0,0.01518,16884904.0,0.0,41952.73328876495,2.0,1.0,28
2025_07_09_08_03_42_063633,5000.0,10.0,1.0,0.0,0.2,200000.0,0.166385,16884905.0,0.0,34452.09005522728,0.0,1.0,28
2025_07_09_08_04_12_490524,5000.0,10.0,1.0,0.0,0.2,200000.0,0.01389,16884906.0,0.0,34697.586852788925,2.0,1.0,28
2025_07_09_08_06_30_977657,5000.0,10.0,1.0,0.0,0.2,500000.0,0.035324,16884907.0,0.0,42440.40889406204,1.0,1.0,28
2025_07_09_08_14_06_806896,5000.0,10.0,1.0,0.0,0.2,500000.0,0.1698774002724438,16884908.0,0.0,39047.68523621559,0.0,1.0,28
2025_07_09_08_16_07_813509,5000.0,10.0,1.0,0.0,0.2,200000.0,0.03637,16884909.0,0.0,24858.715168714523,1.0,1.0,28
2025_07_09_08_20_57_209389,5000.0,10.0,1.0,0.0,0.2,500000.0,0.014696,16884910.0,0.0,41599.08392214775,3.0,1.0,28
2025_07_09_08_22_06_765219,5000.0,10.0,1.0,0.0,0.2,500000.0,0.014056,16884911.0,0.0,40622.12271666527,2.0,1.0,28
2025_07_09_08_28_28_769179,5000.0,10.0,1.0,0.0,0.2,200000.0,0.013905,16884912.0,0.0,33223.45740699768,3.0,1.0,28
