,seed,n_frames,min_lambda,min_loss,min_avg,gbar,lim_loss,lim_loss_num,lim_chi2,lim_dkl,dV
0,0,10,[-6.39080063],2.443497657775879,[0.54961065],0.6520000225650686,2.6767147030298233,2.6767135,3.050845,2.3025818,0.2332158088684082
1,1,10,[-7.46408149],2.8043606281280518,[0.35627665],0.45267793333655887,3.312143015921408,3.3121412,4.3217006,2.3025818,0.5077805519104004
2,2,10,[-5.06069134],1.8857370615005493,[0.78902746],0.899853691360451,2.0405065954268786,2.040505,1.7784281,2.3025818,0.15476787090301514
3,3,10,[-2.03511081],0.8221249580383301,[1.33369298],1.6614997583224413,1.1533512528987317,1.1533649,0.004117427,2.3026123,0.3312399387359619
4,4,10,[-5.26137981],2.1243839263916016,[0.75255722],0.8318619956955984,2.1980475388826193,2.1980462,2.0935104,2.3025818,0.07366228103637695
5,5,10,[-5.48354295],2.0480589866638184,[0.71232433],0.8173915214792887,2.233233833103474,2.233232,2.1638825,2.3025818,0.18517303466796875
6,6,10,[-5.29935595],1.6448540687561035,[0.7461149],0.8882456519084965,2.0664941043379423,2.0664926,1.8304033,2.3025818,0.42163848876953125
7,7,10,[-6.05047814],2.5712122917175293,[0.61036208],0.6701076227772668,2.6244568640824295,2.6244552,2.9463286,2.3025818,0.05324292182922363
8,8,10,[-6.04437067],2.3368067741394043,[0.61201132],0.6961291145695433,2.550954705684424,2.5509531,2.7993245,2.3025818,0.21414637565612793
9,9,10,[-6.79274098],2.743262529373169,[0.47725255],0.5717265113460447,2.919349581496143,2.9193478,3.5361137,2.3025818,0.1760852336883545
10,10,10,[-7.35986336],2.9525351524353027,[0.37407357],0.42896827473788424,3.3950726112508978,3.3421311,4.488736,2.1955261,0.38959598541259766
11,11,10,[-6.12061576],2.2542500495910645,[0.59828095],0.6798737701549808,2.5966502198550963,2.5966487,2.8907156,2.3025818,0.34239864349365234
12,12,10,[-5.66220947],2.0098061561584473,[0.6807913],0.8093881116670382,2.2529446793303616,2.252943,2.2033043,2.3025818,0.24313688278198242
13,13,10,[-4.82924412],1.5374985933303833,[0.83071136],0.9136293137930876,2.0101520688935923,1.6648262,1.7182328,1.6114197,0.127327561378479
14,14,10,[-6.4599249],2.4632091522216797,[0.5371766],0.6238031863055623,2.759903076783217,2.7599015,3.2172215,2.3025818,0.2966923713684082
15,15,10,[-4.31992502],1.619248867034912,[0.9223217],1.0470424929513187,1.7434501937348403,1.7434639,1.1843154,2.3026123,0.1242150068283081
16,16,10,[-5.09700546],1.8404803276062012,[0.78251012],0.9089230493644717,2.0204630212564756,2.0204616,1.7383411,2.3025818,0.17998123168945312
17,17,10,[-6.72444456],2.9141111373901367,[0.48951789],0.5506312267529235,2.986082236657425,2.9860802,3.6695788,2.3025818,0.07196903228759766
18,18,10,[-2.95319026],0.9350870847702026,[1.168385],1.4169847032914324,1.2625392939567985,1.262553,0.22249359,2.3026123,0.32746589183807373
19,19,10,[-7.28714408],2.7795562744140625,[0.38794657],0.4970393460161065,3.161173567376685,3.1611722,4.0197625,2.3025818,0.38161587715148926
20,20,10,[-6.04903353],2.2128310203552246,[0.61060678],0.6984340598090469,2.5445346750395057,2.5445328,2.786484,2.3025818,0.33170175552368164
21,21,10,[-5.20431305],1.8692679405212402,[0.76296966],0.843306754332876,2.1706304870132325,2.170629,2.038676,2.3025818,0.301361083984375
22,22,10,[-5.79877735],2.1671993732452393,[0.65596347],0.7236400576968194,2.475290792239065,2.475289,2.6479964,2.3025818,0.3080897331237793
23,23,10,[-7.3145721],2.6897130012512207,[0.38319814],0.4549606085113171,3.304241277550508,3.3042395,4.305897,2.3025818,0.6145265102386475
24,24,10,[-6.20385266],2.406198024749756,[0.58320362],0.6753736616652797,2.6094302315098235,2.6094284,2.9162753,2.3025818,0.2032303810119629
25,25,10,[-4.00645236],1.3116347789764404,[0.97878894],1.1146819125679248,1.6271220791013872,1.6271356,0.95165896,2.3026123,0.3155008554458618
26,26,10,[-5.63523051],1.8377175331115723,[0.68526992],0.7813909531767034,2.3232961310881413,2.3232944,2.344007,2.3025818,0.485576868057251
27,27,10,[-6.44691453],2.2672839164733887,[0.53927601],0.6272241265242628,2.7496926502631767,2.7496908,3.1967998,2.3025818,0.4824068546295166
28,28,10,[-7.36395762],3.1097376346588135,[0.37446992],0.46418982254881824,3.2724408724580236,3.2724395,4.242297,2.3025818,0.16270184516906738
29,29,10,[-8.4428926],3.6352360248565674,[0.18028154],0.28403484245469574,3.93595550119466,3.9359539,5.569326,2.3025818,0.300717830657959
30,30,10,[-3.89937162],1.274050235748291,[0.99795449],1.1812094601068703,1.5251031357784184,1.5251168,0.7476213,2.3026123,0.25106656551361084
31,31,10,[-6.85924727],2.5712060928344727,[0.4652738],0.5810040627652838,2.8903924180911904,2.8903904,3.4781992,2.3025818,0.3191843032836914
32,32,10,[-5.42162155],2.0238077640533447,[0.72410785],0.8392552800310166,2.1802945922671393,2.180293,2.0580044,2.3025818,0.15648531913757324
33,33,10,[-5.04006111],1.8549977540969849,[0.79277781],0.9184160755929861,1.9997278671796184,1.9997262,1.6968706,2.3025818,0.144728422164917
34,34,10,[-3.24287431],1.2670098543167114,[1.11628192],1.2870115949818726,1.3881806335517684,1.3881942,0.4737762,2.3026123,0.1211843490600586
35,35,10,[-6.08150936],2.170417547225952,[0.60529162],0.7239823771411523,2.474362546679017,2.474361,2.6461399,2.3025818,0.303943395614624
36,36,10,[-6.79192244],2.8564438819885254,[0.47752897],0.5594008568473305,2.9581903317200835,2.958189,3.613796,2.3025818,0.1017451286315918
37,37,10,[-5.99207116],2.1619749069213867,[0.62101813],0.7471829768416759,2.4122096015252037,2.412208,2.5218344,2.3025818,0.25023317337036133
38,38,10,[-5.72995062],1.8521316051483154,[0.66849336],0.7633328444916304,2.3698277690083285,2.369826,2.4370704,2.3025818,0.5176944732666016
39,39,10,[-4.71584935],1.8477768898010254,[0.85110813],0.9519747449974818,1.928433910554776,1.9284322,1.5542827,2.3025818,0.08065533638000488
40,40,10,[-5.89017344],2.4726696014404297,[0.63960681],0.6938644722636298,2.557276852293334,2.5572753,2.8119686,2.3025818,0.08460569381713867
41,41,10,[-6.78622178],2.8594865798950195,[0.4783607],0.553884083328753,2.9757115665625404,2.9757102,3.6488385,2.3025818,0.11622357368469238
42,42,10,[-7.23698845],2.9788386821746826,[0.39662289],0.47028235819560693,3.251577933392797,3.2515767,4.2005715,2.3025818,0.272737979888916
43,43,10,[-6.54433467],2.5146517753601074,[0.52200745],0.6132490146429803,2.7916088022948746,2.791607,3.280632,2.3025818,0.27695512771606445
44,44,10,[-6.06666161],2.190030097961426,[0.60798236],0.7229813664471398,2.477077838593548,2.477076,2.6515703,2.3025818,0.287045955657959
45,45,10,[-7.60634571],2.9889159202575684,[0.33065254],0.4219512969033466,3.419915445784575,3.4199138,4.5372458,2.3025818,0.4309978485107422
46,46,10,[-6.55973985],2.6387252807617188,[0.51915362],0.6089452185438772,2.804626624466839,2.8046253,3.3066688,2.3025818,0.16589999198913574
47,47,10,[-9.51649217],4.766531944274902,[-0.01301869],0.048725482883198085,4.938386339384977,4.938386,7.574187,2.3025856,0.17185401916503906
48,48,10,[-5.95746114],2.036348342895508,[0.62699694],0.7032789806590368,2.5310880887138123,2.5310864,2.759591,2.3025818,0.4947381019592285
49,49,10,[-6.04068776],2.4745993614196777,[0.61258097],0.6913040709989932,2.564441820362584,2.5644403,2.8262985,2.3025818,0.08984088897705078
50,0,35,[-6.41932945],2.6171040534973145,[0.54408262],0.6832317352748429,3.213531953178328,3.2135375,2.871716,3.555359,0.5964334011077881
51,1,35,[-4.61142056],1.8465440273284912,[0.86991529],1.0589193775255241,2.3484856481228475,2.348491,1.141623,3.555359,0.5019469261169434
52,2,35,[-4.95190975],1.9506464004516602,[0.80844175],1.0283514091711843,2.4042182384701705,2.4042237,1.2530885,3.555359,0.45357728004455566
53,3,35,[-2.77570705],1.2042744159698486,[1.20037544],1.6614997583224413,1.7797327371464158,1.7797382,0.004117427,3.555359,0.5754637718200684
54,4,35,[-4.53327189],1.8130240440368652,[0.88389737],1.1263645623620138,2.2346984964587677,2.234704,0.9140489,3.555359,0.4216799736022949
55,5,35,[-5.61045726],2.3629202842712402,[0.69011693],0.8173915214792887,2.859615317351158,2.8588796,2.1638958,3.5538635,0.4959592819213867
56,6,35,[-5.41077468],1.8806488513946533,[0.72601755],0.8993931692451893,2.66791194387146,2.6561801,1.7806525,3.5317078,0.7755312919616699
57,7,35,[-6.55005877],2.918384075164795,[0.52088376],0.6701076227772668,3.2508383483301135,3.2508438,2.9463286,3.555359,0.3324596881866455
58,8,35,[-5.71599019],2.160069465637207,[0.67032449],0.7762332839984332,2.9628753440673723,2.9628203,2.3704038,3.5552368,0.802750825881958
59,9,35,[-3.82191348],1.5095369815826416,[1.01205484],1.2611637053747173,2.0451424939119955,2.045148,0.534937,3.555359,0.5356109142303467
60,10,35,[-7.23122825],3.0251073837280273,[0.39813863],0.506948399898999,3.7545797536663166,3.7525487,3.9538581,3.551239,0.7274413108825684
61,11,35,[-6.06911791],2.4186038970947266,[0.60755808],0.7832743873497603,2.9448765986460366,2.944882,2.3344052,3.555359,0.526278018951416
62,12,35,[-5.55730609],2.1872730255126953,[0.69872213],0.8876946936230704,2.6941183512559808,2.6941237,1.8328885,3.555359,0.5068507194519043
63,13,35,[-4.98392951],1.691133975982666,[0.80278571],0.9719813873124579,2.5138005591051145,2.5138059,1.4722531,3.555359,0.8226718902587891
64,14,35,[-3.30979524],1.3649063110351562,[1.10424355],1.3697904090580937,1.9291162167864027,1.9291216,0.3028844,3.555359,0.5642153024673462
65,15,35,[-4.93074276],1.9180835485458374,[0.81222521],1.0470424929513187,2.3698316779825244,2.3698373,1.1843154,3.555359,0.45175373554229736
66,16,35,[-5.59710346],2.1412458419799805,[0.69252137],0.9089230493644717,2.6468445055041596,2.64685,1.7383411,3.555359,0.5056042671203613
67,17,35,[-4.81018519],1.836276650428772,[0.8341287],1.0130587674608882,2.4330743876368652,2.4330797,1.3108008,3.555359,0.5968030691146851
68,18,35,[-3.56078],1.4223806858062744,[1.05908968],1.4169847032914324,1.8889207782044826,1.8889263,0.22249359,3.555359,0.46654558181762695
69,19,35,[-5.09574753],2.179293632507324,[0.78274536],1.000575277606583,2.457111450599024,2.4571168,1.3588747,3.555359,0.27782320976257324
70,20,35,[-4.72807504],2.0237722396850586,[0.84894545],1.0684875824480378,2.3315739384146013,2.3315794,1.1078001,3.555359,0.30780720710754395
71,21,35,[-4.81389287],1.7337764501571655,[0.83347653],1.09160700073632,2.2917601995683956,2.2917657,1.0281724,3.555359,0.557989239692688
72,22,35,[-4.56096069],1.636948823928833,[0.87845129],1.0777656392006463,2.3154179192994016,2.3154235,1.0754881,3.555359,0.6784746646881104
73,23,35,[-3.48541779],1.4271066188812256,[1.07247464],1.4086045082421215,1.895606437156951,1.8956119,0.23586486,3.555359,0.46850526332855225
74,24,35,[-5.10901057],1.9434218406677246,[0.78032695],0.981919816942057,2.4938395158843303,2.493845,1.4323311,3.555359,0.5504231452941895
75,25,35,[-4.54121896],1.7658754587173462,[0.88258035],1.1146819125679248,2.253503563349071,2.253509,0.95165896,3.555359,0.4876335859298706
76,26,35,[-4.6110673],1.72772216796875,[0.8694045],1.0709307289983154,2.3272964581316384,2.327302,1.0992448,3.555359,0.5995798110961914
77,27,35,[-6.55931822],2.595020294189453,[0.51867959],0.6368175333684536,3.347614249290178,3.325285,3.140316,3.510254,0.7302646636962891
78,28,35,[-4.39671753],1.7169795036315918,[0.90856833],1.1703541515536353,2.167291704045359,2.1672971,0.77923554,3.555359,0.4503176212310791
79,29,35,[-2.92849271],1.2509918212890625,[1.17287191],1.4912605648822181,1.8381909082076104,1.8381964,0.121033855,3.555359,0.5872045755386353
80,30,35,[-4.32645538],1.724980354309082,[0.92120634],1.1812094601068703,2.1514846200261024,2.1514902,0.7476213,3.555359,0.4265098571777344
81,31,35,[-5.71106531],2.3071374893188477,[0.67158473],0.8880498669088716,2.6933171121706807,2.6933227,1.8312863,3.555359,0.3861851692199707
82,32,35,[-3.59887605],1.4947710037231445,[1.05210377],1.3981465011203205,1.9042233846140189,1.9042288,0.25309873,3.555359,0.409457802772522
83,33,35,[-5.07818172],2.0261330604553223,[0.78574857],0.9706172331697354,2.516561837062724,2.5165672,1.4777756,3.555359,0.4904341697692871
84,34,35,[-3.95255644],1.706279993057251,[0.98851186],1.2870115949818726,2.0145621177994526,2.0145676,0.4737762,3.555359,0.3082876205444336
85,35,35,[-4.47120851],1.6720750331878662,[0.89518],1.072073473054031,2.3253014241369665,2.3252766,1.0952553,3.5552979,0.6532015800476074
86,36,35,[-5.98854719],2.4747824668884277,[0.62197867],0.8123935022557714,2.8719036069082833,2.8719091,2.1884594,3.555359,0.3971266746520996
87,37,35,[-5.41897615],2.1471216678619385,[0.72456459],0.9428022145252871,2.573991372866664,2.573997,1.5926349,3.555359,0.42687535285949707
88,38,35,[-5.97017021],2.1901392936706543,[0.62525085],0.7633328444916304,2.9962092532560125,2.9962146,2.4370704,3.555359,0.8060753345489502
89,39,35,[-4.65470836],1.7874865531921387,[0.86211858],1.0142886945067946,2.4307295786352565,2.430735,1.3061113,3.555359,0.6432485580444336
90,40,35,[-5.92347883],2.454698085784912,[0.63329833],0.7609626033258161,3.002384075678913,3.0023894,2.44942,3.555359,0.5476913452148438
91,41,35,[-4.89097773],1.8783363103866577,[0.81958736],0.9861767017315507,2.4853736156764397,2.4852579,1.4154009,3.5551147,0.6069215536117554
92,42,35,[-4.87221771],2.0129554271698,[0.82303936],1.0708238004352306,2.327483322548549,2.327489,1.0996187,3.555359,0.3145334720611572
93,43,35,[-5.27542699],2.140399694442749,[0.74992726],0.9565853736231016,2.5452647345101282,2.5452702,1.5351815,3.555359,0.40487051010131836
94,44,35,[-6.27895982],2.4379968643188477,[0.56969173],0.7229813664471398,3.103459322841232,2.784194,2.65399,2.9143982,0.34619712829589844
95,45,35,[-6.35586548],2.799572467803955,[0.55520426],0.7266411938547619,3.0935453717176,3.093551,2.631743,3.555359,0.2939784526824951
96,46,35,[-5.16933518],2.0580434799194336,[0.76950974],0.9659376409622065,2.5260734015171105,2.526079,1.4967989,3.555359,0.4680354595184326
97,47,35,[-5.35584924],2.0383100509643555,[0.73593463],0.9152300988756419,2.633040416454061,2.633046,1.7107329,3.555359,0.594735860824585
98,48,35,[-4.41209397],1.7357008457183838,[0.90581615],1.1983727574163041,2.127159989775432,2.1271656,0.6989721,3.555359,0.3914647102355957
99,49,35,[-4.21298252],1.5160472393035889,[0.94165343],1.2193529156348133,2.098537391451311,2.0985427,0.6417267,3.555359,0.5824954509735107
100,0,129,[-5.23556885],1.9691544771194458,[0.75757206],1.0011962918226276,3.108137622406456,3.1080115,1.3564647,4.859558,1.1388570070266724
101,1,129,[-4.51985344],1.947089672088623,[0.88634015],1.273948907741563,2.6820166649789012,2.6820116,0.504221,4.8598022,0.734921932220459
102,2,129,[-4.48556482],1.7975214719772339,[0.89258997],1.228668261171212,2.738452879996626,2.738448,0.61709356,4.8598022,0.9409264326095581
103,3,129,[-3.429658],1.4854427576065063,[1.08266034],1.6614997583224413,2.431964908582545,2.4319599,0.004117427,4.8598022,0.9465171098709106
104,4,129,[-4.39950808],1.697971224784851,[0.90805826],1.2131102506104114,2.759158463376192,2.7591534,0.6585047,4.8598022,1.0611821413040161
105,5,129,[-4.70143583],2.02868914604187,[0.85373212],1.2158662514226062,2.7554416001136124,2.7554367,0.651071,4.8598022,0.7267475128173828
106,6,129,[-5.37203662],2.0606155395507812,[0.73303199],1.0009399713558538,3.108635262802995,3.1086302,1.3574582,4.8598022,1.0480146408081055
107,7,129,[-5.04860999],2.1957509517669678,[0.79110348],1.1223783132430247,2.893304553586354,2.8932996,0.9267967,4.8598022,0.6975486278533936
108,8,129,[-4.35242905],1.7004635334014893,[0.91655465],1.2690491893264242,2.687848703875575,2.6878438,0.5158852,4.8598022,0.9873802661895752
109,9,129,[-4.18240087],1.6289589405059814,[0.94715209],1.2611637053747173,2.6973746653481245,2.6973696,0.534937,4.8598022,1.0684106349945068
110,10,129,[-5.36521928],2.2210497856140137,[0.73404249],1.0350892884539284,3.043942666526257,3.0439377,1.228073,4.8598022,0.8228878974914551
111,11,129,[-4.56952811],1.8493304252624512,[0.87748544],1.2847557564952559,2.6693892324083737,2.6693842,0.47896627,4.8598022,0.8200538158416748
112,12,129,[-4.43644441],1.8072876930236816,[0.90141389],1.3060829451096032,2.645420988477397,2.645416,0.43102965,4.8598022,0.8381283283233643
113,13,129,[-4.66723218],1.7912137508392334,[0.85986868],1.2498235709560246,2.711376781718038,2.7113717,0.5629412,4.8598022,0.9201579093933105
114,14,129,[-4.0803417],1.726877212524414,[0.96551415],1.3697904090580937,2.581348388222532,2.5813434,0.3028844,4.8598022,0.8544661998748779
115,15,129,[-4.71527245],1.7464574575424194,[0.85123888],1.0876779284772524,2.9506538678390424,2.9505882,1.041496,4.85968,1.20413076877594
116,16,129,[-4.63877067],1.8016281127929688,[0.86502056],1.19789884153894,2.7800528318029727,2.7800477,0.70029324,4.8598022,0.9784195423126221
117,17,129,[-3.939907],1.676948070526123,[0.99081001],1.4517908934864234,2.515472536286764,2.5154674,0.17113265,4.8598022,0.8385193347930908
118,18,129,[-3.63030731],1.5853872299194336,[1.04656659],1.4918020788352482,2.4901094999271196,2.4901044,0.12040662,4.8598022,0.904717206954956
119,19,129,[-4.33037745],1.7543833255767822,[0.92046892],1.3604449473983078,2.590041804607694,2.5900369,0.32027137,4.8598022,0.83565354347229
120,20,129,[-4.43702411],1.8234508037567139,[0.90118399],1.2347821069568854,2.730500213302329,2.7304952,0.6011881,4.8598022,0.9070444107055664
121,21,129,[-5.31990487],2.067721128463745,[0.74241649],1.09160700073632,2.9439923710045246,2.9439874,1.0281724,4.8598022,0.8762662410736084
122,22,129,[-4.58007002],1.72098708152771,[0.87558605],1.2392630810169114,2.7247374640058766,2.7247324,0.5896626,4.8598022,1.0037453174591064
123,23,129,[-4.06972958],1.6887116432189941,[0.96741144],1.4086045082421215,2.54783860859308,2.5478334,0.23586486,4.8598022,0.8591217994689941
124,24,129,[-4.19933236],1.7964210510253906,[0.94410947],1.4008638988831568,2.5541873230022056,2.5541823,0.24856232,4.8598022,0.7577612400054932
125,25,129,[-4.14409515],1.687672734260559,[0.95402203],1.401095912830047,2.5539946095793122,2.5539896,0.24817696,4.8598022,0.8663169145584106
126,26,129,[-3.68545757],1.4772095680236816,[1.03654564],1.550484775593847,2.4609545387492004,2.4609494,0.062096704,4.8598022,0.9837398529052734
127,27,129,[-4.78846099],1.9633725881576538,[0.83797255],1.2412608153155054,2.7221862571322175,2.7221813,0.5845603,4.8598022,0.7588087320327759
128,28,129,[-4.37706644],1.758218765258789,[0.91212359],1.2619075155636785,2.6964687367913758,2.6964638,0.5331253,4.8598022,0.9382450580596924
129,29,129,[-3.72961372],1.5425434112548828,[1.02841794],1.4912605648822181,2.4904230796437394,2.490418,0.121033855,4.8598022,0.9478745460510254
130,30,129,[-4.19211327],1.625722885131836,[0.94540651],1.2714715778079717,2.6849570474952653,2.684952,0.5101017,4.8598022,1.0592291355133057
131,31,129,[-4.84559016],1.9664931297302246,[0.82777218],1.1737837566647689,2.8144944448889513,2.8144894,0.76917654,4.8598022,0.8479962348937988
132,32,129,[-4.09312204],1.7259981632232666,[0.96321128],1.3981465011203205,2.556455556050148,2.5564504,0.25309873,4.8598022,0.8304522037506104
133,33,129,[-5.30466522],2.078282117843628,[0.74514166],0.9706172331697354,3.168794008498853,2.9138927,1.4800072,4.3477783,0.8356106281280518
134,34,129,[-4.58167447],1.9413963556289673,[0.87528801],1.2870115949818726,2.6667942892355816,2.6667893,0.4737762,4.8598022,0.7253929376602173
135,35,129,[-4.64198867],1.744354009628296,[0.86443665],1.1171427825542244,2.9017430576372694,2.9015863,0.9436757,4.859497,1.1572322845458984
136,36,129,[-5.35809954],2.089902400970459,[0.73520788],1.049050215240808,3.0184278997892227,3.0184228,1.1770434,4.8598022,0.9285204410552979
137,37,129,[-4.75808636],1.955466389656067,[0.84348049],1.1319850779586473,2.8780186350442305,2.8780136,0.8962249,4.8598022,0.9225472211837769
138,38,129,[-4.56893991],1.7655632495880127,[0.87756368],1.2637693303175144,2.694207864919211,2.6942027,0.52860326,4.8598022,0.9286394119262695
139,39,129,[-5.1391796],1.9755127429962158,[0.77493624],1.0142886945067946,3.082961750071386,3.0829568,1.3061113,4.8598022,1.1074440479278564
140,40,129,[-4.6768294],1.821746826171875,[0.8580953],1.10149110717018,2.9274241116202484,2.5807064,0.99564135,4.1657715,0.7589595317840576
141,41,129,[-5.4610723],2.143418312072754,[0.71699969],0.9861767017315507,3.1376057871125687,3.1374795,1.4154011,4.859558,0.9940612316131592
142,42,129,[-5.45958072],2.291752338409424,[0.71727532],1.0708238004352306,2.979715493984678,2.9797106,1.0996187,4.8598022,0.6879582405090332
143,43,129,[-4.73718588],1.9584777355194092,[0.84725757],1.18303980450582,2.8010837629105314,2.8010788,0.7423552,4.8598022,0.8426010608673096
144,44,129,[-4.87225113],1.8475697040557861,[0.82299241],1.10568972965644,2.9204682819528296,2.920463,0.9811241,4.8598022,1.0728933811187744
145,45,129,[-3.93606577],1.7089875936508179,[0.99149688],1.4211698429713888,2.5378871139427805,2.537882,0.21596183,4.8598022,0.8288944959640503
146,46,129,[-5.18837614],2.0591588020324707,[0.76594032],1.073705208383612,2.9746911549666897,2.9746861,1.0895699,4.8598022,0.91552734375
147,47,129,[-4.92059778],1.9463746547698975,[0.81427783],1.1549262272046308,2.842552615777194,2.8425477,0.825293,4.8598022,0.8961730003356934
148,48,129,[-4.0494087],1.571875810623169,[0.97105131],1.3248265902693415,2.6253993790821255,2.6253943,0.39098644,4.8598022,1.053518533706665
149,49,129,[-4.66390989],1.7674038410186768,[0.86047338],1.2193529156348133,2.75076956288744,2.7507644,0.6417267,4.8598022,0.9833605289459229
150,0,464,[-4.17419212],1.7357778549194336,[0.94864399],1.5330183695244484,3.10866847738573,3.1086726,0.07745246,6.1398926,1.3728947639465332
151,1,464,[-4.09435965],1.7958641052246094,[0.9630215],1.5500211494572922,3.1011834644605054,3.1011875,0.062482394,6.1398926,1.3053233623504639
152,2,464,[-3.98968686],1.6834275722503662,[0.98184929],1.528171224288286,3.1109493985611647,3.1109533,0.08201432,6.1398926,1.4275257587432861
153,3,464,[-3.89713712],1.635916829109192,[0.99851485],1.6614997583224413,3.0720009825148367,3.072005,0.004117427,6.1398926,1.43608820438385
154,4,464,[-4.38107917],1.7618701457977295,[0.91140559],1.4021659706018352,3.1931438164847203,3.193148,0.24640308,6.1398926,1.4312777519226074
155,5,464,[-4.46890066],1.8234004974365234,[0.89559759],1.3868158336846836,3.206170501155655,3.2061746,0.2724566,6.1398926,1.3827741146087646
156,6,464,[-4.01879252],1.6823866367340088,[0.97658531],1.566978505251244,3.094518273425896,3.0945222,0.049152065,6.1398926,1.4121356010437012
157,7,464,[-4.90673411],2.0507686138153076,[0.81678493],1.2684647850659438,3.328584834068936,3.328589,0.51728517,6.1398926,1.277820348739624
158,8,464,[-4.00326871],1.6475830078125,[0.97941005],1.6169509498885317,3.079521643785929,3.0795257,0.01915874,6.1398926,1.4319427013397217
159,9,464,[-4.45723916],1.7748711109161377,[0.89769186],1.3526594942374617,3.2375053690900386,3.2375095,0.33512628,6.1398926,1.4626383781433105
160,10,464,[-4.62095418],1.9188177585601807,[0.86778123],1.2743854880279035,3.3215363216704135,3.297525,0.5033749,6.091675,1.3787071704864502
161,11,464,[-3.61270842],1.5955097675323486,[1.04971302],1.8117838441840024,3.087297314752785,3.0873013,0.034710016,6.1398926,1.4917914867401123
162,12,464,[-4.51944053],1.8257224559783936,[0.88643186],1.364842142047608,3.225957261873177,3.2259612,0.31203,6.1398926,1.4002387523651123
163,13,464,[-4.21534754],1.699130892753601,[0.94113501],1.4605697538289466,3.1495628910874767,3.149567,0.1592413,6.1398926,1.450435996055603
164,14,464,[-4.29036737],1.7134075164794922,[0.92763679],1.3697904090580937,3.2213844621548238,3.221358,0.3028846,6.1398315,1.5079505443572998
165,15,464,[-4.66192375],1.804579257965088,[0.86083431],1.3176102880215477,3.2730282369839108,3.2730322,0.40617204,6.1398926,1.4684529304504395
166,16,464,[-3.98226516],1.7054234743118286,[0.98315029],1.6137663575834422,3.080270388730387,3.0802743,0.020656269,6.1398926,1.374850869178772
167,17,464,[-3.73429139],1.6396182775497437,[1.02781673],1.727319188073138,3.0709788567200382,3.070983,0.002073162,6.1398926,1.43136465549469
168,18,464,[-3.7028134],1.5316450595855713,[1.03348634],1.5127128253308741,3.118659617495827,3.118481,0.09743533,6.1395264,1.5868358612060547
169,19,464,[-4.30057858],1.7914061546325684,[0.92589305],1.440774508524944,3.1632726308776893,3.1632767,0.18666068,6.1398926,1.371870517730713
170,20,464,[-4.16392754],1.7613105773925781,[0.95047503],1.4363263206432229,3.166503122204156,3.1665072,0.19312182,6.1398926,1.4051966667175293
171,21,464,[-5.06516511],2.015645980834961,[0.78825045],1.1629927113430696,3.4704656484334997,3.4705,0.80104643,6.1399536,1.4548540115356445
172,22,464,[-4.33990766],1.711055040359497,[0.91881417],1.3832747926376432,3.209268466361361,3.2092726,0.27865246,6.1398926,1.4982175827026367
173,23,464,[-3.9758326],1.663112759590149,[0.98428058],1.6042960680163658,3.0826634463869165,3.0826674,0.025442353,6.1398926,1.419554591178894
174,24,464,[-4.39606603],1.7993240356445312,[0.90862145],1.4008638988831568,3.1942233969344973,3.1942275,0.24856232,6.1398926,1.3949034214019775
175,25,464,[-3.80253856],1.595010757446289,[1.01550151],1.6850115909159316,3.0702542933448935,3.0702584,0.00062403554,6.1398926,1.4752476215362549
176,26,464,[-4.12078952],1.6668846607208252,[0.95824663],1.550484775593847,3.100990612681492,3.1009946,0.062096704,6.1398926,1.4341099262237549
177,27,464,[-4.42452053],1.7576688528060913,[0.90358093],1.3569966013068901,3.233346903217328,3.233351,0.32680923,6.1398926,1.4756821393966675
178,28,464,[-3.54780725],1.5906517505645752,[1.06135674],1.832610299839932,3.0943665700348455,3.0943706,0.04884851,6.1398926,1.5037188529968262
179,29,464,[-4.03441665],1.6539345979690552,[0.97379631],1.4912605648822181,3.130459153576031,3.1304631,0.121033855,6.1398926,1.476528525352478
180,30,464,[-3.96865334],1.6339035034179688,[0.98563874],1.6021775652925114,3.0832328715743786,3.083237,0.026581185,6.1398926,1.4493334293365479
181,31,464,[-3.83616072],1.6713171005249023,[1.009487],1.7715188524271135,3.0770463681304765,3.0770504,0.014208153,6.1398926,1.405733346939087
182,32,464,[-3.7776891],1.560254693031311,[1.0200017],1.635145884795016,3.075784020917324,3.075788,0.011683499,6.1398926,1.5155333280563354
183,33,464,[-4.37803568],1.7907898426055908,[0.91188062],1.5109361752675032,3.119588289755461,3.1195924,0.099292114,6.1398926,1.3288025856018066
184,34,464,[-4.47486539],1.8951945304870605,[0.89452363],1.4139658373550035,3.1835749736131613,3.183579,0.22726549,6.1398926,1.2883844375610352
185,35,464,[-3.87945065],1.6176261901855469,[1.00169758],1.6378708423214374,3.0753034319934716,3.0753074,0.010722346,6.1398926,1.4576811790466309
186,36,464,[-4.46272265],1.889756202697754,[0.89671221],1.5199071974005058,3.114988689374434,3.1149926,0.09009284,6.1398926,1.225236415863037
187,37,464,[-4.83964995],1.944847822189331,[0.82882465],1.1319850779586473,3.518054708976522,3.1738994,0.8969323,5.4508667,1.2290515899658203
188,38,464,[-4.35612344],1.7984602451324463,[0.91585205],1.380540750115071,3.211684237692352,3.2116883,0.28348404,6.1398926,1.4132280349731445
189,39,464,[-4.26899798],1.743476390838623,[0.93156462],1.4216690020990095,3.1775369211027957,3.117931,0.21547587,6.0203857,1.3744544982910156
190,40,464,[-4.23092069],1.7042224407196045,[0.93843367],1.4848451462986685,3.134236180378741,3.1342402,0.12858784,6.1398926,1.4300177097320557
191,41,464,[-3.69759566],1.638364315032959,[1.03439879],1.7798641865150733,3.0788010098460643,3.078805,0.017717447,6.1398926,1.4404406547546387
192,42,464,[-4.20753809],1.7666828632354736,[0.94263863],1.4569312330036648,3.1520012004035705,2.9917138,0.1647018,5.8187256,1.2250308990478516
193,43,464,[-4.27685733],1.7429879903793335,[0.93013664],1.4697722304804577,3.143560089804716,3.1435642,0.14723569,6.1398926,1.4005762338638306
194,44,464,[-3.71382592],1.5681090354919434,[1.0315095],1.7316782706955718,3.0713360439384916,3.07134,0.002787523,6.1398926,1.5032310485839844
195,45,464,[-3.73327807],1.5618369579315186,[1.02800917],1.657558073948581,3.072444105400564,3.072448,0.005003667,6.1398926,1.5106110572814941
196,46,464,[-4.25326814],1.7772948741912842,[0.93440742],1.5025652914863254,3.124081809621294,3.124086,0.10827914,6.1398926,1.3467910289764404
197,47,464,[-4.90375089],1.9348784685134888,[0.81729676],1.1686417458459466,3.4620833792487438,3.1730716,0.78590137,5.5602417,1.238193154335022
198,48,464,[-4.04548703],1.712876558303833,[0.97174252],1.5748121408612412,3.091708942884997,3.091713,0.04353334,6.1398926,1.3788363933563232
199,49,464,[-4.13112276],1.6591768264770508,[0.95633226],1.6108202421522648,3.080988150015601,3.0809922,0.022091743,6.1398926,1.4218153953552246
200,0,1668,[-4.30456225],1.766655683517456,[0.92517698],1.5330183695244484,3.7484164927319483,3.7484126,0.07745246,7.4193726,1.9817569255828857
201,1,1668,[-3.8147439],1.655705213546753,[1.0133434],1.8758174836331791,3.7526233297247673,3.7526193,0.08586607,7.4193726,2.096914052963257
202,2,1668,[-4.05831704],1.7165377140045166,[0.96928897],1.555077285928007,3.7388605595898916,3.738826,0.058340643,7.4193115,2.0222883224487305
203,3,1668,[-4.18448777],1.7270032167434692,[0.94674813],1.6614997583224413,3.711748997861055,3.711745,0.004117427,7.4193726,1.9847418069839478
204,4,1668,[-4.27834782],1.7440910339355469,[0.92959815],1.667410286601861,3.7111654156529195,3.7111614,0.0029502625,7.4193726,1.9670703411102295
205,5,1668,[-4.22111711],1.7409329414367676,[0.94001669],1.5559564691101047,3.7385077064471632,3.7384732,0.05763495,7.4193115,1.9975402355194092
206,6,1668,[-3.90344497],1.653956413269043,[0.9973796],1.8347261609645729,3.734900205970807,3.7348962,0.05041983,7.4193726,2.080939769744873
207,7,1668,[-4.24337682],1.764131784439087,[0.9361551],1.4941237942016539,3.768558363839795,3.7685544,0.11773617,7.4193726,2.004422664642334
208,8,1668,[-4.1231353],1.7182843685150146,[0.95783324],1.6169509498885317,3.7192696591321477,3.7192657,0.01915874,7.4193726,2.000981330871582
209,9,1668,[-4.46420056],1.7842062711715698,[0.89627798],1.3718762955078214,3.8592252434727774,3.8587954,0.29907292,7.418518,2.0745891332626343
210,10,1668,[-4.38307266],1.8072669506072998,[0.9109478],1.4472832270650033,3.7983927460741778,3.7983887,0.1774049,7.4193726,1.991121768951416
211,11,1668,[-4.00905862],1.6981275081634521,[0.97836766],1.8117838441840024,3.7270453300990036,3.7270412,0.034710016,7.4193726,2.028913736343384
212,12,1668,[-3.9533446],1.661269187927246,[0.98806959],1.8501956230153283,3.741021854199572,3.7410178,0.06266309,7.4193726,2.0797486305236816
213,13,1668,[-3.62385686],1.6048274040222168,[1.04770471],2.007505077506237,3.841022753531731,3.8410187,0.26266497,7.4193726,2.2361912727355957
214,14,1668,[-4.42067894],1.8132531642913818,[0.90422808],1.453596161216524,3.7940164744693923,3.7940125,0.16865247,7.4193726,1.9807593822479248
215,15,1668,[-4.47992774],1.7876070737838745,[0.89354319],1.460533937446513,3.7893347291188886,3.7890263,0.1592903,7.418762,2.001419186592102
216,16,1668,[-4.28296822],1.7717422246932983,[0.92905418],1.6137663575834422,3.7200184040766056,3.7200143,0.020656269,7.4193726,1.9482721090316772
217,17,1668,[-3.6812006],1.5643787384033203,[1.03738192],1.8221283858091812,3.73040604509873,3.730402,0.04143149,7.4193726,2.1660232543945312
218,18,1668,[-3.93634729],1.6499826908111572,[0.99117545],1.5719019500007603,3.732480722589357,3.7324767,0.045580916,7.4193726,2.082494020462036
219,19,1668,[-3.73437631],1.6643352508544922,[1.02779254],1.9754855965009959,3.815096282958665,3.815092,0.21081184,7.4193726,2.1507568359375
220,20,1668,[-4.43580624],1.8391120433807373,[0.90155469],1.4363263206432229,3.8062511375503747,3.8062472,0.19312182,7.4193726,1.9671351909637451
221,21,1668,[-4.12859387],1.7681689262390137,[0.95685188],1.6942888143515544,3.7097355937392225,3.7097316,9.060493e-05,7.4193726,1.9415626525878906
222,22,1668,[-4.29230206],1.7792445421218872,[0.92733598],1.7038737149084084,3.709711132663779,3.709707,4.168221e-05,7.4193726,1.9304624795913696
223,23,1668,[-3.93626113],1.7106881141662598,[0.99135734],1.8461050414284514,3.7393384624743593,3.7393343,0.059296347,7.4193726,2.028646230697632
224,24,1668,[-4.2245116],1.7256748676300049,[0.93957039],1.5219514126188356,3.753719874054385,3.7536244,0.088059545,7.4191895,2.027949571609497
225,25,1668,[-4.1940414],1.7015305757522583,[0.94506867],1.6850115909159316,3.710002308691112,3.7099984,0.00062403554,7.4193726,2.0084677934646606
226,26,1668,[-3.86584685],1.6308622360229492,[1.00396448],1.7930149459843037,3.7217066528155445,3.7217026,0.024032725,7.4193726,2.0908403396606445
227,27,1668,[-4.32572903],1.7259941101074219,[0.92128551],1.398100941487072,3.83627784914128,3.8224583,0.2532539,7.3916626,2.096464157104492
228,28,1668,[-4.08738636],1.7393196821212769,[0.9642692],1.832610299839932,3.734114585381064,3.7341106,0.04884851,7.4193726,1.9947909116744995
229,29,1668,[-3.85783666],1.6442735195159912,[1.00558726],1.751856005819843,3.713425076653218,3.702063,0.0074585257,7.3966675,2.0577895641326904
230,30,1668,[-4.20193272],1.7380199432373047,[0.94343387],1.6021775652925114,3.722980886920597,3.722672,0.026581768,7.418762,1.984652042388916
231,31,1668,[-4.0805245],1.6968740224838257,[0.96547335],1.7715188524271135,3.716794383476695,3.7167904,0.014208153,7.4193726,2.0199164152145386
232,32,1668,[-4.05251968],1.7003847360610962,[0.97054482],1.635145884795016,3.7155320362635424,3.715528,0.011683499,7.4193726,2.0151432752609253
233,33,1668,[-4.21119343],1.7361122369766235,[0.94198035],1.5991659349365692,3.723811831288813,3.7238078,0.028243113,7.4193726,1.987695574760437
234,34,1668,[-4.40744823],1.8118910789489746,[0.9066471],1.4733594312255165,3.7810318850904867,3.7810278,0.14268318,7.4193726,1.9691367149353027
235,35,1668,[-4.25451934],1.7579139471054077,[0.9341875],1.6378708423214374,3.71505144733969,3.7150474,0.010722346,7.4193726,1.957133412361145
236,36,1668,[-4.15954355],1.7651023864746094,[0.95126522],1.6194284531038612,3.718706644472175,3.7187026,0.01803275,7.4193726,1.9536001682281494
237,37,1668,[-4.51531817],1.843846321105957,[0.88714721],1.4854840123780457,3.773602942772433,3.7726245,0.12782949,7.4174194,1.9287781715393066
238,38,1668,[-3.94877625],1.6911611557006836,[0.9892206],1.8610389298585082,3.745709092750976,3.7457051,0.07203754,7.4193726,2.054543972015381
239,39,1668,[-4.22375756],1.7128504514694214,[0.93971392],1.512742939555159,3.758391967412739,3.758388,0.09740334,7.4193726,2.04553759098053
240,40,1668,[-3.91276919],1.6398087739944458,[0.99568416],1.8045442774881875,3.724870160842023,3.7248662,0.030359741,7.4193726,2.0850573778152466
241,41,1668,[-3.9585701],1.671966552734375,[0.98745054],1.7798641865150733,3.718549025192283,3.718545,0.017717447,7.4193726,2.0465784072875977
242,42,1668,[-4.20171762],1.752732515335083,[0.94368729],1.5894268396837676,3.7266714356014563,3.7266674,0.033962294,7.4193726,1.9739348888397217
243,43,1668,[-4.00244397],1.6849417686462402,[0.97948921],1.6557284301518056,3.712412474649379,3.7124085,0.00544437,7.4193726,2.0274667739868164
244,44,1668,[-3.81538067],1.6454977989196777,[1.01320442],1.7316782706955718,3.71108405928471,3.3695364,0.002744847,6.736328,1.7240386009216309
245,45,1668,[-3.92002149],1.6508281230926514,[0.99439555],1.6731933741035898,3.7106883403370547,3.7090368,0.0019969805,7.4160767,2.058208703994751
246,46,1668,[-4.09091004],1.6925857067108154,[0.96363284],1.5900674212372807,3.726475252394654,3.7264712,0.033569973,7.4193726,2.0338854789733887
247,47,1668,[-3.82676606],1.6701174974441528,[1.01109672],1.8071466413910586,3.7256352952946017,3.7256312,0.031889994,7.4193726,2.0555137395858765
248,48,1668,[-3.7607862],1.6320167779922485,[1.02305838],1.9252053033668939,3.780131164604589,3.780127,0.14088173,7.4193726,2.148110270500183
249,49,1668,[-3.81497315],1.623992919921875,[1.01329871],1.9314037764661707,3.784062107796576,3.784058,0.14874354,7.4193726,2.160065174102783
250,0,5994,[-4.19484602],1.7255005836486816,[0.94491319],1.628599537358382,4.356337715695856,4.3563237,0.014161207,8.698486,2.6308231353759766
251,1,5994,[-3.79258101],1.6438370943069458,[1.01733103],1.9658889401888275,4.447447302430996,4.4474335,0.19638032,8.698486,2.8035963773727417
252,2,5994,[-4.02179078],1.6914646625518799,[0.97607729],1.8740554143098251,4.391333911786312,4.3913198,0.0841535,8.698486,2.699855089187622
253,3,5994,[-3.86311197],1.6647025346755981,[1.00462139],2.0184308394222117,4.490087956570436,4.490074,0.28166175,8.698486,2.8253716230392456
254,4,5994,[-4.25619024],1.7475191354751587,[0.93388326],1.667410286601861,4.350732248131878,4.350688,0.002950284,8.698425,2.6031688451766968
255,5,5994,[-4.00239634],1.6684861183166504,[0.97956955],1.783655624037871,4.358976934262146,4.358963,0.019439608,8.698486,2.690476894378662
256,6,5994,[-3.97180602],1.6617777347564697,[0.98507771],1.8347261609645729,4.374467038449766,4.374453,0.05041983,8.698486,2.7126753330230713
257,7,5994,[-3.99290515],1.7062113285064697,[0.98127656],2.030803155325945,4.501244245568307,4.5012302,0.3039742,8.698486,2.7950189113616943
258,8,5994,[-3.99835441],1.6757818460464478,[0.98019616],1.808936561368651,4.365739310608896,4.3657255,0.03296436,8.698486,2.6899436712265015
259,9,5994,[-3.97121262],1.6698980331420898,[0.9851667],1.7922525665237077,4.361077312869154,4.261837,0.02349101,8.500183,2.5919389724731445
260,10,5994,[-3.91831356],1.6842596530914307,[0.9948195],1.83463309912675,4.374432223077851,4.3713317,0.050342053,8.692322,2.6870720386505127
261,11,5994,[-3.90671429],1.6470146179199219,[0.99679372],1.8657807329103293,4.387428306444257,4.3874145,0.07634229,8.698486,2.7403998374938965
262,12,5994,[-4.07540495],1.706678867340088,[0.9664137],1.8501956230153283,4.38058868667853,4.3805747,0.06266309,8.698486,2.673895835876465
263,13,5994,[-3.88341142],1.6481614112854004,[1.00103252],2.007505077506237,4.480589586010689,4.4805756,0.26266497,8.698486,2.832414150238037
264,14,5994,[-4.14299434],1.7122137546539307,[0.95425891],1.8402902191947728,4.376592326162912,4.3765783,0.054670338,8.698486,2.6643645763397217
265,15,5994,[-3.61595949],1.627387523651123,[1.04935702],2.32553466793291,4.892720486140994,4.8927064,1.0869261,8.698486,3.2653188705444336
266,16,5994,[-4.1936593],1.7483839988708496,[0.94514239],1.7091661756398406,4.349373816682555,4.34936,0.00023338271,8.698486,2.60097599029541
267,17,5994,[-3.93803482],1.6541117429733276,[0.99115236],1.8221283858091812,4.3699728775776885,4.369959,0.04143149,8.698486,2.715847134590149
268,18,5994,[-3.83637659],1.6426345109939575,[1.00956256],2.013174306924067,4.485476771879096,4.4854627,0.27243915,8.698486,2.842828154563904
269,19,5994,[-3.86018043],1.6691490411758423,[1.00516928],1.9754855965009959,4.454663115437623,4.454649,0.21081184,8.698486,2.785499930381775
270,20,5994,[-4.30983709],1.774540901184082,[0.92418762],1.5563840825025412,4.3779036958253,4.3778896,0.057293177,8.698486,2.603348731994629
271,21,5994,[-3.98163891],1.6866848468780518,[0.98330105],1.7502839946791635,4.352768901883991,4.352755,0.007023532,8.698486,2.6660702228546143
272,22,5994,[-4.05877106],1.7024234533309937,[0.96942384],1.724636912553059,4.350100148188509,4.349903,0.0016859438,8.69812,2.6474796533584595
273,23,5994,[-3.59834464],1.6065595149993896,[1.05229502],2.2931982929304557,4.837985199959981,4.837971,0.9774561,8.698486,3.2314116954803467
274,24,5994,[-4.24744023],1.735350489616394,[0.9354446],1.5470821508066037,4.381734719218769,4.38166,0.064955406,8.698364,2.646309494972229
275,25,5994,[-4.06764956],1.677682638168335,[0.96767567],1.7894049773494747,4.360358860014499,4.360345,0.022203453,8.698486,2.68266224861145
276,26,5994,[-3.91396232],1.657252550125122,[0.99548897],1.9698148909748447,4.450368339760204,4.4503546,0.20222235,8.698486,2.7931020259857178
277,27,5994,[-3.84057192],1.636654019355774,[1.00869726],1.9159062916407121,4.414000911118921,4.413987,0.12948753,8.698486,2.77733314037323
278,28,5994,[-3.94013067],1.6638619899749756,[0.99077344],1.9255429849440013,4.419909399018096,4.419895,0.14130443,8.698486,2.756033182144165
279,29,5994,[-3.88815091],1.6599115133285522,[1.0001289],1.8172610068833364,4.368354545792879,4.3683405,0.038194794,8.698486,2.708428978919983
280,30,5994,[-3.99878186],1.6970350742340088,[0.98008372],1.8779543661814424,4.393240118998081,4.393226,0.08796593,8.698486,2.6961910724639893
281,31,5994,[-4.01477248],1.6794853210449219,[0.97732806],1.9247282486547026,4.419399881915263,4.419386,0.14028548,8.698486,2.739900588989258
282,32,5994,[-3.94337873],1.6638524532318115,[0.99017629],1.9100639130758805,4.410544412239348,4.4105306,0.12257446,8.698486,2.746678113937378
283,33,5994,[-4.0609983],1.6999876499176025,[0.96902262],1.7505019670924973,4.352799413771932,4.352419,0.007084205,8.697754,2.6524312496185303
284,34,5994,[-4.02600962],1.7134544849395752,[0.97531625],1.9580001942353253,4.441707263140341,4.4416933,0.18490018,8.698486,2.728238821029663
285,35,5994,[-4.16953234],1.7362034320831299,[0.94940117],1.8125399154551034,4.366847724730863,4.3668337,0.035181183,8.698486,2.6306302547454834
286,36,5994,[-4.25703303],1.770803451538086,[0.9337317],1.6638985846167287,4.351067279761465,4.351053,0.0036203202,8.698486,2.580249786376953
287,37,5994,[-3.91959993],1.67024564743042,[0.99396549],1.8787706379699696,4.393644541994124,4.3936305,0.08877473,8.698486,2.7233848571777344
288,38,5994,[-3.95927985],1.683058261871338,[0.98736891],1.929413171207427,4.422354906054205,4.422341,0.14619553,8.698486,2.7392826080322266
289,39,5994,[-4.27621181],1.7722315788269043,[0.93007943],1.8071816591974241,4.365212551810961,4.3651986,0.03191086,8.698486,2.5929670333862305
290,40,5994,[-4.06689495],1.7055211067199707,[0.96789635],1.8045442774881875,4.3644369933209815,4.364423,0.030359741,8.698486,2.6589016914367676
291,41,5994,[-4.05826459],1.7122474908828735,[0.96949683],1.844279588548729,4.378169067926903,4.378155,0.05782389,8.698486,2.6659077405929565
292,42,5994,[-4.02172947],1.6893229484558105,[0.97608577],1.7270232011220907,4.350271364770089,4.3502574,0.0020284809,8.698486,2.6609344482421875
293,43,5994,[-4.09056782],1.7108383178710938,[0.96351312],1.6624112285506454,4.351219506909238,4.278261,0.003971369,8.552551,2.567422866821289
294,44,5994,[-3.92969667],1.66001296043396,[0.99264867],1.7643814890023721,4.355014035224642,4.3550305,0.011513861,8.698547,2.6950175762176514
295,45,5994,[-3.84510065],1.6311955451965332,[1.00778012],1.8604207717950425,4.384999935081801,4.384986,0.07148562,8.698486,2.7537903785705566
296,46,5994,[-4.08324455],1.695307970046997,[0.96501199],1.7413586887088088,4.351632875510127,4.351619,0.0047514807,8.698486,2.656310796737671
297,47,5994,[-3.84921901],1.6450178623199463,[1.00714197],1.8071466413910586,4.365202127773561,4.365005,0.031889565,8.69812,2.719987154006958
298,48,5994,[-3.90134854],1.6714180707931519,[0.99775347],1.9252053033668939,4.4196979970835475,4.419684,0.14088173,8.698486,2.748265862464905
299,49,5994,[-3.8292886],1.6453049182891846,[1.01096546],1.9314037764661707,4.423628940275535,4.423615,0.14874354,8.698486,2.7783100605010986
300,0,21544,[-4.02832336],1.6990643739700317,[0.97490628],1.9727748432632886,5.092268143797539,5.092172,0.20668305,9.977661,3.393107771873474
301,1,21544,[-3.9303359],1.6828646659851074,[0.99282042],1.9667774387652357,5.087773819793132,4.7531624,0.19718182,9.309143,3.0702977180480957
302,2,21544,[-3.99413027],1.6839022636413574,[0.98106046],2.007576583571497,5.120319865525598,5.1203156,0.2627868,9.977844,3.436413288116455
303,3,21544,[-4.00164423],1.6921982765197754,[0.97971374],2.0184308394222117,5.1297571498778485,5.129753,0.28166175,9.977844,3.4375548362731934
304,4,21544,[-4.12168953],1.7130379676818848,[0.95801078],1.834455355156665,5.014034987426696,5.014031,0.050217316,9.977844,3.300992965698242
305,5,21544,[-3.98455893],1.6673014163970947,[0.98278358],1.8772952276739547,5.032584091906772,4.859321,0.086867094,9.631775,3.1920197010040283
306,6,21544,[-3.99596864],1.6786551475524902,[0.98069854],1.862277463070574,5.025501282552136,5.0254664,0.07314981,9.977783,3.346811294555664
307,7,21544,[-4.00971384],1.704249382019043,[0.97817012],2.030803155325945,5.140913438875719,5.140909,0.3039742,9.977844,3.436659812927246
308,8,21544,[-4.01792424],1.6955962181091309,[0.97678055],1.926586405526732,5.060233816092279,5.06023,0.1426149,9.977844,3.364633560180664
309,9,21544,[-3.96626069],1.6773191690444946,[0.98607794],2.0053401203375882,5.118416024312069,5.1184115,0.25897926,9.977844,3.441092371940613
310,10,21544,[-3.94343959],1.6792845726013184,[0.99017213],2.070766822986986,5.179854146451082,5.1798806,0.38185576,9.977905,3.500596046447754
311,11,21544,[-4.02896562],1.6963236331939697,[0.9747868],1.9166945332220946,5.054143707146191,5.0541396,0.1304347,9.977844,3.357815980911255
312,12,21544,[-4.08087606],1.6971216201782227,[0.96539331],1.9655316216884082,5.086852764629711,5.0868483,0.19585274,9.977844,3.3897266387939453
313,13,21544,[-3.81936679],1.6476726531982422,[1.01249589],2.0853869178283464,5.195208367847429,5.1951733,0.41256362,9.977783,3.5475006103515625
314,14,21544,[-3.9852351],1.6799070835113525,[0.98266364],1.9186602268045863,5.055332282226597,4.8588915,0.13221149,9.585571,3.1789844036102295
315,15,21544,[-3.86484275],1.6669530868530273,[1.00416532],2.32553466793291,5.532389679448406,5.532416,1.0869261,9.977905,3.8654627799987793
316,16,21544,[-3.93489264],1.6927759647369385,[0.99172901],2.241913502137161,5.396801655854832,5.3968277,0.8157506,9.977905,3.7040517330169678
317,17,21544,[-4.03599953],1.6930997371673584,[0.97350935],1.9463728533785112,5.073231293470536,5.073227,0.16860989,9.977844,3.380127191543579
318,18,21544,[-3.89592241],1.6682820320129395,[0.9987747],2.11683164041726,5.230243840097028,5.23027,0.48263466,9.977905,3.56198787689209
319,19,21544,[-3.95232818],1.686505913734436,[0.98867321],1.9754855965009959,5.094332308745035,5.094328,0.21081184,9.977844,3.407822012901306
320,20,21544,[-4.04837117],1.7114992141723633,[0.97129573],1.9433947095821567,5.0712054625965255,5.0366106,0.16440794,9.908813,3.3251113891601562
321,21,21544,[-4.03391818],1.704808235168457,[0.97366325],2.0729744836885735,5.1821346026384365,5.182161,0.38641638,9.977905,3.4773526191711426
322,22,21544,[-4.01756057],1.6829442977905273,[0.9768238],1.9214700004702192,5.0570498743405485,5.0570455,0.13624711,9.977844,3.374101161956787
323,23,21544,[-3.74793893],1.654349446296692,[1.02485728],2.2931982929304557,5.477654393267393,5.4776807,0.9774561,9.977905,3.8233312368392944
324,24,21544,[-4.09397928],1.699728012084961,[0.96285507],1.7390920987616694,4.991048806392373,4.9910445,0.00424497,9.977844,3.291316509246826
325,25,21544,[-3.9632337],1.6837865114212036,[0.98649247],2.103389495087841,5.21493060161686,5.2149568,0.45200843,9.977905,3.5311702489852905
326,26,21544,[-4.01433682],1.7009400129318237,[0.97744867],2.062086545297534,5.171018909308916,5.1710453,0.36418512,9.977905,3.470105290412903
327,27,21544,[-3.94899906],1.6682989597320557,[0.98917917],1.93449211091893,5.065296525694627,5.064711,0.1527377,9.976685,3.3964121341705322
328,28,21544,[-4.00925742],1.6980783939361572,[0.9783417],1.9255429849440013,5.059578592325509,5.050277,0.141265,9.95929,3.352198839187622
329,29,21544,[-3.96941795],1.681147575378418,[0.98503863],2.046295913490161,5.15548306682903,5.155479,0.3331133,9.977844,3.4743313789367676
330,30,21544,[-4.05707196],1.7085981369018555,[0.96972729],1.9284179344968266,5.061391251689879,5.061387,0.14492978,9.977844,3.3527889251708984
331,31,21544,[-3.66884491],1.637912631034851,[1.03961233],2.534417212163201,5.9559431005154515,5.955969,1.9340328,9.977905,4.318056225776672
332,32,21544,[-3.95092973],1.6678261756896973,[0.98883231],1.929174197557149,5.061871890615111,4.7223005,0.14552854,9.299072,3.054474353790283
333,33,21544,[-4.0597304],1.7102181911468506,[0.96925195],2.0584034796814294,5.167333337034268,5.1673594,0.3568139,9.977905,3.457141160964966
334,34,21544,[-3.98266548],1.7010455131530762,[0.9830828],1.9580001942353253,5.081376456447753,5.0802402,0.18489455,9.975586,3.379194736480713
335,35,21544,[-3.93203666],1.6752471923828125,[0.99221745],2.028169616204428,5.138503118634275,5.138499,0.2991535,9.977844,3.4632515907287598
336,36,21544,[-4.06677468],1.7064974308013916,[0.96792367],1.9463834342148358,5.073238534822795,5.0732346,0.1686244,9.977844,3.366737127304077
337,37,21544,[-3.8199812],1.6485919952392578,[1.01237757],2.2640494618801,5.430803810922426,5.43083,0.88375497,9.977905,3.782238006591797
338,38,21544,[-3.91319775],1.6665091514587402,[0.99567225],1.9928676915528578,5.108053379406133,5.108049,0.23825406,9.977844,3.441539764404297
339,39,21544,[-3.78773144],1.6584348678588867,[1.01821869],2.376629552735074,5.624797916738031,5.624824,1.2717429,9.977905,3.9663891792297363
340,40,21544,[-3.87168394],1.6619735956192017,[1.00309988],2.2115461249695825,5.352369981094878,5.3523965,0.7268873,9.977905,3.6904228925704956
341,41,21544,[-3.99201734],1.685849666595459,[0.98144943],2.0224699678362903,5.133352539685076,5.1333485,0.2888524,9.977844,3.4474987983703613
342,42,21544,[-3.97532005],1.6751006841659546,[0.98445065],2.0756206985198005,5.184885913296416,5.184912,0.39191896,9.977905,3.509811520576477
343,43,21544,[-3.9490741],1.6785752773284912,[0.98909532],2.141569837014348,5.25973731858027,5.2597637,0.54162186,9.977905,3.581188440322876
344,44,21544,[-3.96147755],1.6778714656829834,[0.98693137],2.0154071731320036,5.127095324000052,5.127091,0.27633777,9.977844,3.4492194652557373
345,45,21544,[-3.91331703],1.6671290397644043,[0.99563288],2.10941238196265,5.221729787390621,5.221756,0.46560696,9.977905,3.554626941680908
346,46,21544,[-4.0143677],1.6907410621643066,[0.97741778],2.0201343025993594,5.1312679446079095,5.1312637,0.28468302,9.977844,3.4405226707458496
347,47,21544,[-3.95074878],1.6721792221069336,[0.98885308],1.97017394568275,5.0903068185315306,5.0903025,0.20276092,9.977844,3.418123245239258
348,48,21544,[-4.03053403],1.6880898475646973,[0.97449119],1.9252053033668939,5.05936719039096,5.059363,0.14088173,9.977844,3.3712730407714844
349,49,21544,[-4.01131686],1.6976368427276611,[0.97796911],1.9314037764661707,5.063298133582947,5.063294,0.14874354,9.977844,3.365657091140747
350,0,77426,[-3.90304465],1.672224521636963,[0.99749435],2.3659788443177643,6.244549822850924,6.244551,1.2320219,11.25708,4.57232666015625
351,1,77426,[-3.91505437],1.6753195524215698,[0.9955143],2.203176761261252,5.980187367287782,5.9801884,0.70329654,11.25708,4.304868817329407
352,2,77426,[-3.89531625],1.6746721267700195,[0.99887731],2.4579916808496356,6.426526999459856,6.426528,1.5959755,11.25708,4.751855850219727
353,3,77426,[-3.98615827],1.6866528987884521,[0.98231039],2.0184308394222117,5.769369792873577,5.759331,0.28160185,11.237061,4.072678327560425
354,4,77426,[-4.027442],1.6909685134887695,[0.97508651],2.049764065420927,5.798448545602243,5.7984495,0.33981922,11.25708,4.107481002807617
355,5,77426,[-3.94939415],1.680650234222412,[0.98917622],2.1793024898916307,5.94760962248633,5.60176,0.6378459,10.565674,3.921109676361084
356,6,77426,[-3.9954478],1.6829279661178589,[0.98082669],2.0264264962663043,5.776530984497967,5.776532,0.29598403,11.25708,4.093604207038879
357,7,77426,[-4.04195723],1.6974443197250366,[0.97247766],2.030803155325945,5.7805260818714475,5.780527,0.3039742,11.25708,4.083082795143127
358,8,77426,[-4.02070887],1.688814401626587,[0.97628544],2.0315450720792345,5.781208591935925,5.7812095,0.3053393,11.25708,4.092395067214966
359,9,77426,[-3.94389075],1.667191982269287,[0.99016417],2.0857977232096525,5.835261020288323,5.8352623,0.4134441,11.25708,4.168070316314697
360,10,77426,[-3.92785128],1.6730657815933228,[0.99305546],2.1840763835035886,5.953997217277436,5.953998,0.65091616,11.25708,4.280932307243347
361,11,77426,[-3.90846531],1.6808472871780396,[0.99644729],2.43746678064703,6.383896255460743,6.3838973,1.5107147,11.25708,4.703050017356873
362,12,77426,[-4.01133933],1.6949164867401123,[0.977779],2.146422758715164,5.9053351817676365,5.9053364,0.5535925,11.25708,4.2104198932647705
363,13,77426,[-3.9525608],1.681078553199768,[0.98862452],2.0853869178283464,5.834821010843157,5.8347607,0.41256362,11.256958,4.153682112693787
364,14,77426,[-3.91482056],1.6757431030273438,[0.99537084],2.4145147191564873,6.337610187868215,6.337611,1.4181426,11.25708,4.661868095397949
365,15,77426,[-3.95441828],1.6749643087387085,[0.98831895],2.32553466793291,6.1720023224441345,6.1720033,1.0869261,11.25708,4.497038960456848
366,16,77426,[-3.93010425],1.685208797454834,[0.99262825],2.241913502137161,6.03641429885056,6.036415,0.8157506,11.25708,4.351206302642822
367,17,77426,[-3.93318272],1.6753246784210205,[0.9920947],2.26039550226147,6.064709958789897,6.064711,0.8723419,11.25708,4.389386415481567
368,18,77426,[-3.9187884],1.6695609092712402,[0.99468626],2.13497526582487,5.891321573962857,5.890771,0.5255603,11.255981,4.22121000289917
369,19,77426,[-3.98210471],1.6871821880340576,[0.98328512],1.9841777282327264,5.740701434162991,5.707323,0.2241551,11.190491,4.020140886306763
370,20,77426,[-4.03340299],1.7026331424713135,[0.97401671],1.9575257164484756,5.720649369452974,5.7173157,0.18420422,11.250427,4.0146825313568115
371,21,77426,[-3.97832659],1.6868112087249756,[0.98371366],2.0729744836885735,5.821747245634165,5.8216867,0.38641587,11.256958,4.134875535964966
372,22,77426,[-3.89536329],1.6662118434906006,[0.99887623],2.426161826731082,6.3609153471878646,6.360916,1.4647522,11.25708,4.694704294204712
373,23,77426,[-3.92570375],1.6833586692810059,[0.99342686],2.2931982929304557,6.117267036263121,6.117268,0.9774561,11.25708,4.4339094161987305
374,24,77426,[-4.01884977],1.6915934085845947,[0.97664564],2.04707125308151,5.795842369568625,5.795843,0.33460665,11.25708,4.104249715805054
375,25,77426,[-4.00149734],1.6896567344665527,[0.97974758],2.103389495087841,5.8545432446125885,5.854544,0.45200843,11.25708,4.164887428283691
376,26,77426,[-3.97107185],1.6868908405303955,[0.98524546],2.1763174457031425,5.943647722854176,5.943649,0.6302173,11.25708,4.256757974624634
377,27,77426,[-3.93105341],1.6748766899108887,[0.99253646],2.1416544567243507,5.899453764608781,5.8994546,0.5418295,11.25708,4.224577903747559
378,28,77426,[-3.99787805],1.6909630298614502,[0.98044052],1.9767549745088917,5.734918565679525,5.7349195,0.21275918,11.25708,4.043956518173218
379,29,77426,[-3.9605281],1.6792742013931274,[0.98718252],2.0612573626806694,5.809798518701157,5.8075943,0.36250317,11.252686,4.128320097923279
380,30,77426,[-4.09604971],1.7075958251953125,[0.96270729],1.9284179344968266,5.701003894685607,5.701005,0.14492978,11.25708,3.9934091567993164
381,31,77426,[-3.86606645],1.6739473342895508,[1.00410441],2.534417212163201,6.59555574351118,6.5955563,1.9340328,11.25708,4.921608924865723
382,32,77426,[-3.9674482],1.682481050491333,[0.98592528],2.0648702405646495,5.813442144199369,5.813443,0.3698065,11.25708,4.130962133407593
383,33,77426,[-4.05328986],1.7035807371139526,[0.97042407],2.0584034796814294,5.8069459800299965,5.8069468,0.3568139,11.25708,4.103366017341614
384,34,77426,[-3.91671753],1.6738336086273193,[0.99527011],1.9978268135226973,5.751734530870728,5.7516437,0.24639045,11.256897,4.077810049057007
385,35,77426,[-3.9137793],1.6701922416687012,[0.99557957],2.21201808977848,5.992653577269784,5.9926543,0.7282288,11.25708,4.32246208190918
386,36,77426,[-3.98571597],1.6869096755981445,[0.98250381],2.2175613155969134,6.000580231633679,6.0005813,0.7440821,11.25708,4.313671588897705
387,37,77426,[-3.92791624],1.67183518409729,[0.99305657],2.2640494618801,6.070416453918154,6.0704174,0.88375497,11.25708,4.398582220077515
388,38,77426,[-3.93915469],1.6772613525390625,[0.99100728],2.121819618445595,5.875666447054761,5.874871,0.4942484,11.255493,4.1976094245910645
389,39,77426,[-3.93089056],1.6809892654418945,[0.99250237],2.376629552735074,6.26441055973376,6.2644114,1.2717429,11.25708,4.5834221839904785
390,40,77426,[-3.93415591],1.673492193222046,[0.99196547],2.2115461249695825,5.991982624090606,5.991984,0.7268873,11.25708,4.318491697311401
391,41,77426,[-3.89080911],1.6657238006591797,[0.99969663],2.3170119142925083,6.15729410243437,6.157295,1.0575099,11.25708,4.491571426391602
392,42,77426,[-3.8196983],1.6550556421279907,[1.01217914],2.5036176159544983,6.525485172286434,6.525486,1.7938915,11.25708,4.87043035030365
393,43,77426,[-3.9350022],1.6827683448791504,[0.99164093],2.182806867084923,5.952292392053055,5.9522934,0.6475069,11.25708,4.269525051116943
394,44,77426,[-3.91069611],1.66782546043396,[0.99615019],2.279240571793458,6.094538460257573,6.0945396,0.93199885,11.25708,4.426714181900024
395,45,77426,[-3.93932048],1.6748979091644287,[0.99098406],2.1935167906882147,5.966815102868106,5.966816,0.67655194,11.25708,4.291918039321899
396,46,77426,[-3.92345705],1.6792068481445312,[0.99351939],2.3412160681408576,6.199591801966474,6.1995926,1.1421056,11.25708,4.5203857421875
397,47,77426,[-4.01075589],1.693643569946289,[0.97808588],2.095839354578703,5.8461622861210065,5.8461633,0.4352463,11.25708,4.152519702911377
398,48,77426,[-4.00521216],1.6888904571533203,[0.97908276],2.052716149093517,5.801328796118335,5.80133,0.34557977,11.25708,4.1124396324157715
399,49,77426,[-3.94735565],1.6831002235412598,[0.98960007],2.1762793450031173,5.943597313681165,5.9435983,0.63011646,11.25708,4.260498046875
400,0,278255,[-3.95075827],1.6778979301452637,[0.9892681],2.3659788443177643,6.884157481823617,6.8841386,1.2320219,12.536255,5.206240653991699
401,1,278255,[-3.94935009],1.6821074485778809,[0.98951504],2.203176761261252,6.619795026260475,6.619776,0.70329654,12.536255,4.937668323516846
402,2,278255,[-3.93426959],1.6791415214538574,[0.99221224],2.4579916808496356,7.066134658432548,7.0661154,1.5959755,12.536255,5.386973857879639
403,3,278255,[-3.99665061],1.687035083770752,[0.98091611],2.184738786523737,6.5944961902703945,6.594477,0.6526992,12.536255,4.907442092895508
404,4,278255,[-3.98923334],1.6828856468200684,[0.9822388],2.2426559215447774,6.677140298641376,6.677121,0.8179873,12.536255,4.994235515594482
405,5,278255,[-3.96807117],1.6830410957336426,[0.98614426],2.2140726820171612,6.6351892892090225,6.63517,0.73408526,12.536255,4.952128887176514
406,6,278255,[-3.95838124],1.678629755973816,[0.9878438],2.3602259162823556,6.873560869951465,6.8735414,1.2108282,12.536255,5.194911599159241
407,7,278255,[-4.00686865],1.689658522605896,[0.97907625],2.2614148334249524,6.705905806977425,6.7058864,0.87551796,12.536255,5.016227841377258
408,8,278255,[-3.99888268],1.6865897178649902,[0.98050374],2.1473003145469125,6.546032135038814,6.546013,0.55577075,12.536255,4.8594231605529785
409,9,278255,[-3.93447137],1.6724646091461182,[0.99216132],2.3317591354113896,6.822479404180452,6.82246,1.1086656,12.536255,5.149995565414429
410,10,278255,[-3.94589549],1.6754484176635742,[0.9900623],2.1840763835035886,6.5936048762501285,6.3340225,0.64912397,12.018921,4.658574104309082
411,11,278255,[-3.91335735],1.6790728569030762,[0.99596828],2.4765144693495844,7.1056115096436745,7.1055927,1.6749301,12.536255,5.426519870758057
412,12,278255,[-3.96273951],1.682722806930542,[0.98707837],2.2157085842777073,6.6375290412943,6.63751,0.7387644,12.536255,4.954787015914917
413,13,278255,[-3.9244125],1.6722853183746338,[0.99395562],2.2205953847901383,6.644562667359683,6.644543,0.75283176,12.536255,4.972257852554321
414,14,278255,[-3.94607708],1.6826109886169434,[0.99006922],2.433446942172969,7.015291642801469,7.014903,1.4942838,12.535522,5.332292079925537
415,15,278255,[-3.98719636],1.6860992908477783,[0.98263486],2.32553466793291,6.811609981416827,6.8115907,1.0869261,12.536255,5.125491380691528
416,16,278255,[-3.94905377],1.679347276687622,[0.98946784],2.3238654283308304,6.8087133868063745,6.808694,1.0811334,12.536255,5.129346609115601
417,17,278255,[-3.93952869],1.6755592823028564,[0.99124581],2.4522684729714075,7.054129751751267,7.05411,1.5719655,12.536255,5.37855076789856
418,18,278255,[-3.95587315],1.6770516633987427,[0.98833394],2.1751491593475416,6.581711513142854,6.581692,0.62712973,12.536255,4.904640555381775
419,19,278255,[-3.98490281],1.6864901781082153,[0.98290963],2.1096687329570174,6.501241717495538,6.5011,0.46618897,12.536011,4.814609885215759
420,20,278255,[-3.97441825],1.6838009357452393,[0.98494109],2.2312455572763934,6.660121399944562,6.660102,0.7839492,12.536255,4.976300954818726
421,21,278255,[-3.95797937],1.6792924404144287,[0.98793202],2.2773114303315136,6.731047296424441,6.7310276,0.9258008,12.536255,5.051735162734985
422,22,278255,[-3.93947963],1.6743272542953491,[0.99127627],2.426161826731082,7.000523006160557,7.0005035,1.4647522,12.536255,5.326176285743713
423,23,278255,[-3.95564228],1.6832733154296875,[0.988314],2.2931982929304557,6.756874695235814,6.7568555,0.9774561,12.536255,5.073582172393799
424,24,278255,[-3.95343148],1.6776015758514404,[0.98875467],2.24083659109533,6.674402477919161,6.674383,0.81251156,12.536255,4.996781587600708
425,25,278255,[-3.98464559],1.6860002279281616,[0.98309767],2.134459968614859,6.5303069863375045,6.4355288,0.5236458,12.347412,4.749528527259827
426,26,278255,[-3.95135906],1.6826069355010986,[0.98901135],2.338320354043372,6.834053389194771,6.834034,1.1318129,12.536255,5.1514270305633545
427,27,278255,[-4.00135541],1.6890194416046143,[0.98006255],2.1416544567243507,6.539061423581473,6.539042,0.5418295,12.536255,4.850022554397583
428,28,278255,[-3.97333707],1.688645362854004,[0.98544511],2.455007701540513,7.059864160027316,7.059845,1.5834352,12.536255,5.371199607849121
429,29,278255,[-3.99059462],1.6853623390197754,[0.98202303],2.217054554590246,6.639459692023189,6.6394405,0.74262613,12.536255,4.954078197479248
430,30,278255,[-3.93874457],1.6765607595443726,[0.99139034],2.428196687136265,7.004633306931126,7.004614,1.4729729,12.536255,5.328053116798401
431,31,278255,[-3.95047506],1.681574821472168,[0.9891902],2.534417212163201,7.235163402483872,7.2351437,1.9340328,12.536255,5.5535688400268555
432,32,278255,[-3.96181937],1.6804008483886719,[0.98724253],2.275253852417756,6.72775355632729,6.727734,0.91921335,12.536255,5.047333240509033
433,33,278255,[-3.93450935],1.6776982545852661,[0.99218647],2.500788449687973,7.158788481927565,7.158769,1.7812834,12.536255,5.481070876121521
434,34,278255,[-3.94467236],1.6769607067108154,[0.9902728],2.27477450788991,6.72698791771426,6.726969,0.91768247,12.536255,5.050008058547974
435,35,278255,[-3.92697144],1.6737607717514038,[0.99348355],2.2434104386711526,6.6782784315152135,6.678259,0.82026315,12.536255,5.00449812412262
436,36,278255,[-3.96420116],1.681812047958374,[0.98681025],2.3131999264779437,6.790388493981576,6.790369,1.0444837,12.536255,5.1085569858551025
437,37,278255,[-3.94968096],1.6829450130462646,[0.98934735],2.382117910437854,6.914375568853171,6.914356,1.292458,12.536255,5.2314112186431885
438,38,278255,[-3.96247423],1.6796902418136597,[0.9870514],2.2969341551621367,6.763049932546268,6.7630305,0.9898063,12.536255,5.083340287208557
439,39,278255,[-3.98016103],1.692033290863037,[0.98383764],2.376629552735074,6.904018218706452,6.903999,1.2717429,12.536255,5.211965560913086
440,40,278255,[-3.95141392],1.6790485382080078,[0.98912051],2.2768858375757706,6.730365049207886,6.7303457,0.9244364,12.536255,5.051297187805176
441,41,278255,[-3.93102314],1.6789228916168213,[0.99252421],2.3585997260254485,6.870582173548576,6.8705626,1.2048707,12.536255,5.19163966178894
442,42,278255,[-3.82720217],1.65468430519104,[1.01146212],2.5036176159544983,7.165092831259126,7.0993776,1.7929934,12.405762,5.444693326950073
443,43,278255,[-3.91220448],1.6759568452835083,[0.99619723],2.4094691577027816,6.9672389605078795,6.9672194,1.3981842,12.536255,5.29126250743866
444,44,278255,[-3.94072244],1.6745359897613525,[0.99104915],2.279240571793458,6.734146119230266,6.734127,0.93199885,12.536255,5.059591054916382
445,45,278255,[-3.9378506],1.67437744140625,[0.99158057],2.1935167906882147,6.606422761840798,6.604748,0.67653626,12.532959,4.930370330810547
446,46,278255,[-3.96724914],1.6820480823516846,[0.98623899],2.3412160681408576,6.839199460939167,6.83918,1.1421056,12.536255,5.157131910324097
447,47,278255,[-3.97953707],1.6856584548950195,[0.98394778],2.255580675556017,6.696854795674249,6.6968355,0.85741603,12.536255,5.011177062988281
448,48,278255,[-3.969702],1.6842670440673828,[0.98583445],2.2579042591028666,6.70044823355458,6.6586585,0.8641923,12.453125,4.974391460418701
449,49,278255,[-3.96552169],1.6861777305603027,[0.98658204],2.1762793450031173,6.583204972653857,6.5831857,0.63011646,12.536255,4.897007942199707
450,0,1000000,[-3.94666513],1.6787827014923096,[0.98661125],2.3659788443177643,7.523766141591616,7.523787,1.2320219,13.815552,5.845004320144653
451,1,1000000,[-3.93514868],1.6801378726959229,[0.98713699],2.5202170679856106,7.842138665947292,7.8421593,1.8687669,13.815552,6.1620213985443115
452,2,1000000,[-3.8936453],1.672897219657898,[0.99429848],2.7973609255691527,8.580256669212675,8.5802765,3.345002,13.815552,6.9073792695999146
453,3,1000000,[-3.93120431],1.6779603958129883,[0.98726519],2.4803881116871,7.753596396846801,7.753617,1.6916821,13.815552,6.075656414031982
454,4,1000000,[-3.96673352],1.6849992275238037,[0.98270718],2.3055253795927952,7.417006647497413,7.404321,1.0183594,13.790283,5.719321966171265
455,5,1000000,[-3.95056622],1.6802310943603516,[0.98588769],2.3797417815370636,7.549489847825444,7.54951,1.2834684,13.815552,5.869278907775879
456,6,1000000,[-3.96882221],1.6841329336166382,[0.98226766],2.3602259162823556,7.513169529719464,7.4768443,1.2104024,13.743286,5.79271137714386
457,7,1000000,[-3.96940639],1.684643030166626,[0.9822263],2.473935730074588,7.739667104379478,7.739688,1.6638237,13.815552,6.055044889450073
458,8,1000000,[-3.93559964],1.6794397830963135,[0.98655971],2.6902719169235443,8.26975315321468,8.2697735,2.723995,13.815552,6.590333700180054
459,9,1000000,[-3.92822853],1.677842140197754,[0.98982462],2.5947351471715425,8.01963164507114,8.019652,2.2237523,13.815552,6.34181022644043
460,10,1000000,[-3.96095096],1.6846270561218262,[0.9839701],2.4468160035353446,7.682386033338393,7.6824064,1.5492611,13.815552,5.997779369354248
461,11,1000000,[-3.92923993],1.6775474548339844,[0.9879445],2.4765144693495844,7.745220169411674,7.745241,1.6749301,13.815552,6.067693710327148
462,12,1000000,[-3.93946554],1.681891918182373,[0.98531201],2.4813877708726197,7.755764790745028,7.749821,1.6959312,13.803711,6.067929267883301
463,13,1000000,[-3.94108792],1.6778793334960938,[0.98745779],2.354490449263436,7.5026965958947125,7.502717,1.1898828,13.815552,5.824837684631348
464,14,1000000,[-3.95744936],1.685256004333496,[0.98471843],2.433446942172969,7.654900302569469,7.6544905,1.4942838,13.814697,5.969234466552734
465,15,1000000,[-3.94310375],1.6790549755096436,[0.98729562],2.4214116368322,7.630581320311184,7.6302333,1.4456476,13.814819,5.951178312301636
466,16,1000000,[-3.95391798],1.6805263757705688,[0.98522777],2.4234460842797487,7.634663941287277,7.6346846,1.4538175,13.815552,5.954158186912537
467,17,1000000,[-3.94805068],1.678260326385498,[0.98625123],2.4522684729714075,7.693738411519266,7.6937585,1.5719655,13.815552,6.015498161315918
468,18,1000000,[-3.93695038],1.6775317192077637,[0.9882803],2.2958459150267125,7.400855771279387,7.191961,0.98450726,13.399414,5.514429092407227
469,19,1000000,[-3.97400672],1.686829686164856,[0.98126105],2.3422807525657072,7.480706063865986,7.4807267,1.1459017,13.815552,5.793897032737732
470,20,1000000,[-3.96653289],1.6858887672424316,[0.98283191],2.3980788413437732,7.58458037444306,7.584601,1.3536503,13.815552,5.898712158203125
471,21,1000000,[-3.95018616],1.681185007095337,[0.98587257],2.4033322497699126,7.594805631157702,7.5948257,1.3741002,13.815552,5.913640737533569
472,22,1000000,[-3.92522681],1.6747794151306152,[0.99020055],2.60607601055071,8.047996580225874,8.048017,2.280482,13.815552,6.373237133026123
473,23,1000000,[-3.95210233],1.6821374893188477,[0.98555393],2.3196472814784994,7.4410368809872685,7.441057,1.066563,13.815552,5.758919715881348
474,24,1000000,[-3.94770682],1.680673360824585,[0.98646917],2.54200454152002,7.892438123343719,7.8924584,1.9693655,13.815552,6.211785078048706
475,25,1000000,[-3.97081105],1.6829123497009277,[0.9817064],2.213530892530637,7.2740246922922935,7.274045,0.7325383,13.815552,5.591132640838623
476,26,1000000,[-3.95133865],1.6802467107772827,[0.985674],2.338320354043372,7.47366204896277,7.4736824,1.1318129,13.815552,5.79343569278717
477,27,1000000,[-3.97297231],1.687494158744812,[0.98164553],2.2621096237522758,7.346598652752866,7.346619,0.87768614,13.815552,5.659124970436096
478,28,1000000,[-3.97346486],1.6864705085754395,[0.98147124],2.455007701540513,7.699472819795315,7.6994934,1.5834352,13.815552,6.0130228996276855
479,29,1000000,[-3.97897439],1.686818242073059,[0.98021125],2.2697073701248742,7.358542067280193,7.3585625,0.9015736,13.815552,5.671744227409363
480,30,1000000,[-3.96118665],1.683730959892273,[0.9838112],2.428196687136265,7.644241966699125,7.6442623,1.4729729,13.815552,5.9605313539505005
481,31,1000000,[-3.95031072],1.6815459728240967,[0.98595303],2.534417212163201,7.874772062251871,7.874792,1.9340328,13.815552,6.193246126174927
482,32,1000000,[-3.93648571],1.6773638725280762,[0.98839005],2.420091774444299,7.62793883956872,7.6279593,1.4403672,13.815552,5.950595378875732
483,33,1000000,[-3.9557591],1.6828365325927734,[0.98495195],2.500788449687973,7.798397141695564,7.798356,1.7812824,13.81543,6.1155195236206055
484,34,1000000,[-3.97787447],1.6856637001037598,[0.98013352],2.27477450788991,7.36659657748226,7.366617,0.91768247,13.815552,5.680953502655029
485,35,1000000,[-3.94737815],1.6797865629196167,[0.98637172],2.3526591890541555,7.499371969338842,7.4993925,1.1832331,13.815552,5.8196059465408325
486,36,1000000,[-3.96140478],1.683282494544983,[0.98385009],2.3419813714042217,7.480172058468311,7.4801927,1.1448336,13.815552,5.7969101667404175
487,37,1000000,[-3.93933801],1.6814804077148438,[0.98687299],2.511120767793697,7.821528751129688,7.8215494,1.8275468,13.815552,6.140069007873535
488,38,1000000,[-3.95395958],1.678844928741455,[0.98466613],2.2969341551621367,7.402658592314268,7.402679,0.9898063,13.815552,5.723834037780762
489,39,1000000,[-3.96286795],1.68587327003479,[0.98370832],2.378486359709672,7.547121584971141,7.2488546,1.2767615,13.220947,5.562981367111206
490,40,1000000,[-3.94819624],1.680416226387024,[0.98637542],2.4872548684421325,7.768547262156914,7.7685676,1.7215837,13.815552,6.088151335716248
491,41,1000000,[-3.9281176],1.6768782138824463,[0.98994205],2.3989613452311502,7.586292726381219,7.586006,1.3570708,13.814941,5.909127950668335
492,42,1000000,[-3.91862532],1.6752285957336426,[0.99138752],2.5036176159544983,7.804701491027125,7.738965,1.7929934,13.684937,6.063736438751221
493,43,1000000,[-3.9099839],1.6734094619750977,[0.9930335],2.4094691577027816,7.606847620275879,7.448436,1.3965056,13.500366,5.775026321411133
494,44,1000000,[-3.94055932],1.6765329837799072,[0.98748919],2.279240571793458,7.373754778998265,7.352484,0.9317749,13.773193,5.675951242446899
495,45,1000000,[-3.94007446],1.6785595417022705,[0.9877087],2.4020501078815597,7.5923029928384,7.5923233,1.3690948,13.815552,5.913763761520386
496,46,1000000,[-3.94744831],1.6798546314239502,[0.98634142],2.395658973042638,7.579896121724828,7.5799165,1.3442813,13.815552,5.900061845779419
497,47,1000000,[-3.94751526],1.6815648078918457,[0.98650158],2.5719054475848036,7.963615153326661,7.9636354,2.1117191,13.815552,6.282070636749268
498,48,1000000,[-3.89088079],1.6759936809539795,[0.99629962],2.8263215143081806,8.669699936750849,8.669721,3.5238893,13.815552,6.993726968765259
499,49,1000000,[-3.96222726],1.6846976280212402,[0.9836828],2.445438802251879,7.67953167884702,7.679552,1.5435529,13.815552,5.99485445022583
